0.40614309,0.657958112,0.575240545,0.975956238,-1
0.441639338,0.777836974,0.569458426,0.021099785,1
0.512273553,0.407552145,0.219837074,0.230460668,1
0.438549783,0.919893831,0.319037567,0.284334537,1
0.363779008,0.499317543,0.813524281,0.234818249,1
0.022263936,0.301121414,0.298062236,0.825927976,-1
0.136395439,0.814580406,0.861088355,0.552941826,1
0.018529868,0.507821481,0.713645133,0.697747974,1
0.893455596,0.701184971,0.937290381,0.010892774,1
0.819740404,0.034267654,0.516160321,0.65333032,1
0.754127263,0.279996975,0.60305106,0.888780732,1
0.643234107,0.786063354,0.491141242,0.403460406,1
0.877440098,0.708182927,0.826491606,0.010670416,1
0.095557142,0.543284253,0.856217447,0.264355934,1
0.77554726,0.637920749,0.725059755,0.894647612,1
0.767987005,0.206846838,0.043304158,0.153563557,1
0.718313564,0.128643506,0.220788924,0.453559441,1
0.465260852,0.089786258,0.506729645,0.076509098,1
0.166524696,0.747710039,0.33456726,0.305054021,1
0.818878553,0.982048945,0.968970008,0.576622335,1
0.233482991,0.292098452,0.673764332,0.573738702,1
0.199702249,0.958198397,0.33615489,0.149664105,1
0.328383218,0.113096677,0.771914476,0.792562519,-1
0.587068781,0.079191621,0.192901989,0.775405135,1
0.353391437,0.838947785,0.133887257,0.698147941,-1
0.190344628,0.396806895,0.338947324,0.922692757,-1
0.838402609,0.629524053,0.86549065,0.216289592,1
0.064899085,0.678000534,0.53512019,0.517349234,1
0.255718668,0.852827588,0.823201061,0.01657221,1
0.474710004,0.94411857,0.458620543,0.8499723,-1
0.535552391,0.434101281,0.024433705,0.504359781,1
0.876483955,0.908248818,0.285203484,0.132703662,1
0.000132544,0.317960711,0.530108,0.829176121,-1
0.673583532,0.913014499,0.756141926,0.168512427,1
0.964015938,0.348265951,0.598487562,0.731391705,1
0.870816363,0.333399437,0.463042713,0.166886712,1
0.466389297,0.456370455,0.127822299,0.63993037,1
0.896488227,0.427427958,0.175846033,0.294898347,1
0.058738313,0.060172881,0.026659892,0.550467405,1
0.563050714,0.304595614,0.754510785,0.671103188,1
0.939838254,0.485154691,0.518087841,0.789203213,1
0.571168244,0.766494844,0.9201661,0.210306333,1
0.608114181,0.465725204,0.616699894,0.203092124,1
0.677600524,0.017315558,0.226607511,0.914466038,1
0.768434033,0.533312643,0.068380216,0.199584232,1
0.012017631,0.966571913,0.83220069,0.44530906,1
0.990495466,0.794284384,0.488611168,0.130589254,1
0.212242519,0.831110155,0.32378737,0.738767714,-1
0.159872759,0.731470715,0.053694117,0.714389527,-1
0.121735642,0.984044738,0.593098196,0.269543205,1
0.432003591,0.930512342,0.507885309,0.064098005,1
0.659111313,0.449172018,0.147168498,0.77522809,1
0.531261757,0.087894196,0.900460696,0.868151184,1
0.056299861,0.640056253,0.88926463,0.347723193,1
0.666719506,0.454460743,0.446878938,0.017031023,1
0.861417656,0.937822119,0.478774087,0.569831494,1
0.992795582,0.404134626,0.219841319,0.866496586,1
0.689023069,0.171469383,0.009023729,0.169077128,1
0.206387771,0.901622189,0.709139897,0.13193005,1
0.425204689,0.661446714,0.322383081,0.59743679,1
0.210647153,0.189618227,0.208315555,0.713345382,-1
0.252696411,0.27001501,0.481757359,0.22067373,1
0.354664189,0.637734017,0.749754308,0.492421402,1
0.617388764,0.319453111,0.302499088,0.141789496,1
0.844342381,0.288154319,0.90883233,0.113209176,1
0.613860595,0.283904109,0.508132007,0.538875114,1
0.052150509,0.437082481,0.21872964,0.918338991,-1
0.691453099,0.11592526,0.359622792,0.306055721,1
0.302248076,0.561445487,0.796098974,0.469948705,1
0.791170526,0.418768955,0.73952975,0.357523155,1
0.949822083,0.750146571,0.019577498,0.75516714,1
0.911801132,0.347753872,0.071285211,0.855088619,1
0.094353348,0.549567876,0.915525127,0.522011579,1
0.051965484,0.44090896,0.691189229,0.261377539,1
0.895907539,0.459712429,0.232019042,0.19594289,1
0.849693845,0.741608561,0.66221536,0.1070884,1
0.836172921,0.454915385,0.650629948,0.904422585,1
0.110705625,0.603829509,0.016382466,0.091210402,1
0.905671653,0.547618979,0.644206311,0.235876901,1
0.620573636,0.078982273,0.645751101,0.176299806,1
0.618924778,0.970324158,0.669193468,0.331811327,1
0.457887016,0.024949346,0.523104637,0.989191959,-1
0.723363697,0.396944731,0.590729816,0.573179892,1
0.507674292,0.145546386,0.290948731,0.501144072,1
0.141869851,0.406383401,0.593103185,0.809379945,-1
0.47059896,0.674121679,0.757179557,0.182099791,1
0.619639177,0.769927078,0.421086263,0.438988765,1
0.488780202,0.216832961,0.832912384,0.501543876,1
0.102731676,0.36435991,0.820802024,0.122843525,1
0.649358747,0.736624715,0.71066494,0.105334935,1
0.958604468,0.42369288,0.560113444,0.098782771,1
0.483117658,0.153624764,0.308469833,0.130916366,1
0.343518601,0.663060376,0.516202663,0.796666887,-1
0.576595568,0.06687396,0.248482422,0.908679436,-1
0.889508474,0.989806158,0.323655455,0.987420465,1
0.613864765,0.652081526,0.601346094,0.797794328,1
0.610446566,0.377238681,0.174646608,0.059914205,1
0.152352645,0.383418588,0.013083867,0.965373531,-1
0.318186885,0.955603653,0.028959718,0.397178807,1
0.277810017,0.361853097,0.780453305,0.445664017,1
0.057312258,0.04799434,0.530814876,0.766768061,-1
0.614629194,0.932432883,0.781576748,0.754902741,1
0.326217157,0.52198126,0.645579305,0.511238455,1
0.662100093,0.231309821,0.982569293,0.085919485,1
0.412678415,0.98528423,0.48525881,0.611872177,1
0.011220454,0.768551518,0.741559543,0.217346748,1
0.397321397,0.262563873,0.07863862,0.220119744,1
0.484985012,0.515296236,0.839009167,0.413152067,1
0.402175572,0.952686925,0.335098176,0.133750202,1
0.695436443,0.922773421,0.487524639,0.505692449,1
0.004625761,0.188468748,0.779639444,0.61082595,1
0.79245686,0.837900449,0.687358399,0.0814341,1
0.806140569,0.134776995,0.569914349,0.574691506,1
0.016102751,0.934828316,0.614780027,0.66857489,1
0.421772809,0.702767174,0.470696636,0.408892933,1
0.988636019,0.48525074,0.117262739,0.858085916,1
0.341975792,0.316379134,0.377527146,0.869881663,-1
0.531433268,0.025155509,0.248355248,0.723680484,1
0.432381178,0.261450583,0.189409062,0.214478014,1
0.494894582,0.033000832,0.372624261,0.356676673,1
0.274706539,0.264398923,0.744515379,0.131683751,1
0.803084003,0.30440306,0.342846208,0.659341184,1
0.038964488,0.772142839,0.690084579,0.927245445,-1
0.062018585,0.68746662,0.725694886,0.846529403,-1
0.553800074,0.842396745,0.048918888,0.758804444,1
0.675999874,0.874429094,0.330943236,0.518499669,1
0.453945206,0.179503067,0.847399457,0.046425975,1
0.523596072,0.232703629,0.903273904,0.541256965,1
0.098684974,0.857083631,0.042737969,0.142041748,1
0.21749765,0.777462074,0.357605951,0.025323778,1
0.833779609,0.363197813,0.788561803,0.879659663,1
0.676507841,0.545244062,0.898888853,0.099493471,1
0.090939292,0.034239332,0.324174228,0.166065759,1
0.998078595,0.415485201,0.754333384,0.693313497,1
0.770644011,0.912260084,0.310679768,0.204717069,1
0.072878818,0.587200686,0.542486621,0.644085818,1
0.59800526,0.450019732,0.16255018,0.764920734,1
0.983300332,0.143146445,0.827703375,0.881132801,1
0.070450278,0.477865346,0.738754794,0.733736909,-1
0.816245277,0.533480061,0.560833396,0.346526091,1
0.550755647,0.021102709,0.736771213,0.833971739,1
0.836319659,0.033120368,0.912172344,0.094925178,1
0.850908009,0.522199819,0.016366456,0.129177157,1
0.593174705,0.721787369,0.037025222,0.17616934,1
0.232436637,0.715012793,0.770586055,0.589379482,1
0.872938787,0.453991393,0.983929046,0.259961417,1
0.690669142,0.596743802,0.279328899,0.279209913,1
0.683767711,0.811281073,0.076241221,0.369372694,1
0.806237085,0.958330989,0.993734842,0.425572268,1
0.433152991,0.338445567,0.454667841,0.769975273,1
0.755700281,0.992393933,0.203073406,0.375416972,1
0.708670176,0.163497947,0.323962053,0.809012249,1
0.218956898,0.328388089,0.461998204,0.352330167,1
0.073539561,0.505193068,0.274199969,0.567635438,1
0.027511112,0.613717258,0.423611963,0.645295719,1
0.306118067,0.290784582,0.43051544,0.550274237,1
0.122461046,0.130425047,0.228788198,0.1069234,1
0.093037179,0.188572906,0.683495508,0.541482588,1
0.521406922,0.941816576,0.637501236,0.718557555,1
0.424441586,0.248357586,0.935987282,0.802128402,1
0.761633822,0.06175284,0.9066538,0.655628124,1
0.947949684,0.54524193,0.305318785,0.088515984,1
0.421534514,0.367533368,0.852528591,0.983923978,-1
0.05385312,0.357135169,0.999067042,0.415017361,1
0.380647981,0.104579559,0.589612225,0.146320634,1
0.376575715,0.936352472,0.700369541,0.242934141,1
0.742119399,0.326637754,0.369959383,0.492794046,1
0.200618413,0.287567319,0.292593072,0.42984361,1
0.478112809,0.931920013,0.836229736,0.289975683,1
0.958075003,0.723048334,0.864807862,0.523249844,1
0.052768703,0.960015357,0.672208035,0.065466756,1
0.979136144,0.294845031,0.949908846,0.173419867,1
0.000904599,0.878455438,0.850536754,0.336408996,1
0.098330103,0.628119104,0.400416697,0.928052431,-1
0.880605659,0.619080857,0.893940762,0.209053302,1
0.258297753,0.004124875,0.09045269,0.595820023,1
0.299312727,0.775433797,0.642389925,0.179546536,1
0.283340135,0.135854835,0.563495506,0.144256212,1
0.856053422,0.030408434,0.850323863,0.23280049,1
0.754936468,0.056390433,0.707646404,0.184121152,1
0.99460256,0.516699703,0.538151014,0.271513996,1
0.37825698,0.512146573,0.515418545,0.468933679,1
0.154167158,0.215126081,0.645172823,0.606139166,1
0.182345125,0.867691456,0.527718105,0.97453763,-1
0.285484817,0.949081001,0.607605311,0.776487807,-1
0.06348196,0.591157019,0.899757533,0.509787994,1
0.532834786,0.798575636,0.655095978,0.463057826,1
0.557317048,0.743033644,0.514321677,0.120782358,1
0.26808667,0.924859013,0.589397306,0.539223419,1
0.937265265,0.255628958,0.911900092,0.557116139,1
0.738684887,0.684320844,0.139705895,0.973488582,-1
0.424539768,0.076211646,0.107926188,0.972241315,-1
0.570353339,0.483824883,0.644989753,0.218204376,1
0.69490292,0.245756859,0.633619064,0.960137141,1
0.726421985,0.969658296,0.762140899,0.525095841,1
0.446790245,0.638361975,0.307137787,0.443405928,1
0.665269945,0.822277174,0.319021311,0.657045037,1
0.505403408,0.157446031,0.305076553,0.105101288,1
0.870621819,0.678950665,0.826875223,0.946069324,1
0.630603912,0.513402218,0.55599497,0.98743097,-1
0.626901509,0.852016974,0.490250622,0.019958755,1
0.243831397,0.550075064,0.101567016,0.474312083,1
0.174531168,0.325383132,0.110386314,0.428236511,1
0.718990603,0.767616587,0.927185203,0.756954049,1
0.33249821,0.88055951,0.525609737,0.267340286,1
0.16821682,0.045011187,0.170774935,0.925775412,-1
0.108623587,0.834149342,0.151815013,0.855876116,-1
0.598567528,0.19776826,0.79753052,0.787385652,1
0.095585083,0.171447782,0.602812097,0.325098483,1
0.267284872,0.789299752,0.616613443,0.686464205,1
0.697433301,0.932020594,0.120188087,0.606886216,1
0.48986765,0.529701381,0.221869131,0.748180899,1
0.258153903,0.199113977,0.871523373,0.027185502,1
0.036340214,0.437993667,0.065687628,0.979386424,-1
0.628900064,0.656328083,0.327906052,0.475499863,1
0.016241824,0.200028146,0.858494733,0.067540105,1
0.31074856,0.826622733,0.611868415,0.914600374,-1
0.884110438,0.245313034,0.958201907,0.4522967,1
0.888558144,0.464850394,0.585221361,0.011679012,1
0.728435391,0.415300351,0.118637485,0.596256416,1
0.00468786,0.939454779,0.691412039,0.271798077,1
0.753737331,0.658331925,0.283710126,0.535614508,1
0.060216072,0.677427275,0.922883103,0.466638677,1
0.368810167,0.917393929,0.011573036,0.929235202,-1
0.693417541,0.821237025,0.85773689,0.11057689,1
0.704999404,0.551666431,0.52062779,0.31373175,1
0.16141492,0.319727778,0.671066599,0.523950795,1
0.607800461,0.760314938,0.163862531,0.494361694,1
0.764688031,0.300811475,0.838865614,0.679807617,1
0.32846118,0.538263666,0.837816925,0.242976884,1
0.019484056,0.607478654,0.538793036,0.226349479,1
0.919941012,0.935995222,0.488629534,0.697627838,1
0.516585648,0.285233546,0.009450485,0.292949715,1
0.666484507,0.155092369,0.225577605,0.877622028,1
0.605727561,0.646813809,0.069182879,0.218545647,1
0.779994278,0.629077445,0.070616423,0.657218575,1
0.519659436,0.947529639,0.020850671,0.728717839,1
0.39851786,0.687246295,0.073087065,0.758045563,-1
0.050722591,0.642410079,0.500774905,0.530089775,1
0.738251527,0.274568455,0.23803565,0.759943113,1
0.960094441,0.16620636,0.378593892,0.096802381,1
0.93456239,0.802915866,0.730205328,0.794713407,1
0.573569622,0.361690148,0.161333658,0.886370585,-1
0.90199869,0.75858214,0.361792126,0.496224881,1
0.658685486,0.288966783,0.143057151,0.308133123,1
0.3474413,0.139538463,0.21623853,0.555821687,1
0.05118374,0.417352629,0.711580163,0.879273035,-1
0.60147944,0.464972048,0.815420643,0.322124911,1
0.376389437,0.138015717,0.653592387,0.025491974,1
0.233686346,0.97878212,0.943021444,0.981063854,-1
0.066963966,0.195257465,0.423405961,0.537076429,1
0.463277149,0.625909395,0.5025594,0.791777049,1
0.710351923,0.569404876,0.157098778,0.62560336,1
0.925833324,0.983197126,0.723173576,0.187558434,1
0.860131725,0.129059897,0.743471611,0.047878444,1
0.64969944,0.05953712,0.919762447,0.171724525,1
0.088046418,0.304542796,0.67159515,0.204443303,1
0.974809671,0.039559668,0.491791066,0.640932962,1
0.405016136,0.057081958,0.630336995,0.214581226,1
0.629709414,0.394560935,0.796107698,0.879036942,1
0.780077122,0.702482596,0.420672227,0.643855832,1
0.078308994,0.380749971,0.437689224,0.406951441,1
0.273786188,0.231351027,0.737897949,0.879400035,-1
0.772488019,0.035832893,0.554316329,0.588174491,1
0.246188511,0.398386263,0.806779804,0.301835603,1
0.489634391,0.781287145,0.449976975,0.833240409,-1
0.676674585,0.086629064,0.980718475,0.566428419,1
0.20767939,0.095608668,0.062521467,0.025782018,1
0.334126942,0.5568066,0.845939421,0.626754222,1
0.59986361,0.210636149,0.253914832,0.651973711,1
0.328916771,0.52317395,0.124716558,0.452696285,1
0.992595861,0.399228826,0.061911717,0.292961256,1
0.552271825,0.740127279,0.318404497,0.493858175,1
0.628668642,0.753146301,0.69388733,0.136880534,1
0.906962105,0.378876588,0.529622209,0.988615002,1
0.958209313,0.817646077,0.423895471,0.817976533,1
0.444495887,0.380260347,0.707235169,0.238916119,1
0.175765113,0.238146768,0.283591619,0.040648714,1
0.551416684,0.942498983,0.787836608,0.241432222,1
0.695975548,0.015257509,0.768547507,0.331892691,1
0.322330094,0.765437295,0.384164971,0.218626721,1
0.563322082,0.220633325,0.162637054,0.39964005,1
0.020394941,0.42327013,0.0032733,0.044860029,1
0.189124115,0.201336332,0.60034962,0.231722458,1
0.56654788,0.550749671,0.338006294,0.989923507,-1
0.14835925,0.851287667,0.787180011,0.524300978,1
0.018838962,0.263451715,0.998589723,0.710540618,1
0.218090335,0.641612687,0.121068248,0.55668134,1
0.787968207,0.414501925,0.083664406,0.587106721,1
0.639266464,0.125154731,0.865261678,0.487784286,1
0.276017819,0.311471636,0.666566707,0.500098079,1
0.444138521,0.325582509,0.56592369,0.015222715,1
0.552833547,0.935824215,0.481772302,0.328475652,1
0.803081687,0.143465565,0.078622752,0.445407926,1
0.465510336,0.736678638,0.699037204,0.533090327,1
0.20632318,0.156967245,0.40223952,0.437575868,1
0.975063469,0.926744192,0.308064152,0.862582602,1
0.560227281,0.544162282,0.842279599,0.78797087,1
0.536371208,0.001830384,0.370152467,0.436120803,1
0.633202505,0.146777397,0.565367033,0.403116858,1
0.053981809,0.13598472,0.390509653,0.457555564,1
0.331911062,0.857332663,0.607155815,0.197118333,1
0.143521091,0.767379951,0.65272311,0.342279881,1
0.056611041,0.420361597,0.460863803,0.535502644,1
0.828422806,0.998370092,0.382405459,0.190079982,1
0.992391334,0.679936803,0.934896024,0.636410176,1
0.648704622,0.382611718,0.027873606,0.593066376,1
0.73130523,0.653124294,0.061961596,0.15304079,1
0.755653792,0.495833218,0.384369079,0.288317822,1
0.186366464,0.947337578,0.39805639,0.139151681,1
0.541372662,0.030516395,0.548450044,0.396588617,1
0.760945615,0.162784582,0.468100121,0.593644659,1
0.085334377,0.497140759,0.776898758,0.133817922,1
0.700194935,0.830731114,0.513147834,0.00481381,1
0.356711919,0.973021728,0.144657628,0.774765742,-1
0.360979299,0.281578151,0.543409504,0.407238592,1
0.92030386,0.356899308,0.112509233,0.255083897,1
0.155677122,0.81311088,0.629638828,0.659374309,1
0.664117604,0.547277026,0.285949045,0.097313158,1
0.83121842,0.315020436,0.598783566,0.468767696,1
0.658211339,0.260999896,0.284530442,0.691056636,1
0.973478589,0.28255815,0.853993013,0.901327982,1
0.837754162,0.752279741,0.25913128,0.947138489,1
0.847132318,0.842374695,0.777156344,0.47375533,1
0.851165527,0.929184423,0.024243647,0.729087305,1
0.466319731,0.591193766,0.984497712,0.847007491,1
0.976697224,0.34485521,0.27736325,0.316407242,1
0.336488828,0.54809991,0.285205741,0.915859244,-1
0.670683297,0.785491176,0.183005379,0.140885848,1
0.05574465,0.61837349,0.589941389,0.375036038,1
0.022618225,0.159251181,0.506772879,0.787172059,-1
0.76203759,0.934324779,0.795179958,0.45426139,1
0.344398684,0.132859803,0.561233751,0.207615248,1
0.118006661,0.767654664,0.457255283,0.725843103,-1
0.106725569,0.439141166,0.55738801,0.855583683,-1
0.911929355,0.351330302,0.372362437,0.102235462,1
0.657593191,0.218809859,0.866431316,0.393404889,1
0.453884991,0.181753759,0.067438529,0.784553384,-1
0.801866983,0.463418955,0.852422629,0.625647994,1
0.180490999,0.030070209,0.129778491,0.315606096,1
0.731534578,0.772980318,0.148568766,0.795799583,1
0.165345278,0.717102916,0.078556834,0.393865981,1
0.815829943,0.529975272,0.947356451,0.316680767,1
0.578165407,0.190229096,0.392261113,0.998756283,-1
0.34368823,0.90857082,0.697666341,0.029770237,1
0.481277122,0.676905434,0.402482971,0.154091034,1
0.561167878,0.949325495,0.959295424,0.989940799,1
0.836013835,0.654080037,0.869172939,0.863771403,1
0.761924627,0.165267646,0.079474157,0.508894579,1
0.093040263,0.437859129,0.311971481,0.379150876,1
0.995592367,0.869492229,0.94790656,0.254304842,1
0.048491632,0.831838695,0.688725578,0.596021892,1
0.214739791,0.535169283,0.055755557,0.431049305,1
0.190738233,0.32777546,0.937657078,0.847367011,-1
0.25698364,0.377205534,0.733514335,0.782224137,-1
0.011637058,0.221706148,0.067071798,0.705654139,-1
0.875934173,0.277482257,0.692804117,0.13901353,1
0.374769007,0.835877833,0.695748329,0.694899406,1
0.853361788,0.294588222,0.650967985,0.298627873,1
0.944677489,0.780789014,0.825018173,0.736184777,1
0.793672564,0.40515752,0.130611902,0.159556404,1
0.816643903,0.030554131,0.543991457,0.823497136,1
0.94839703,0.460268499,0.069500305,0.522399522,1
0.195857237,0.298711468,0.975715106,0.165316045,1
0.777349979,0.341378303,0.474102852,0.100236675,1
0.060181697,0.861720315,0.070871612,0.88279563,-1
0.393839989,0.44005057,0.350732038,0.032350922,1
0.725566011,0.353489736,0.641060415,0.771589045,1
0.67708058,0.485872487,0.812129131,0.075996715,1
0.028332853,0.433507021,0.14347805,0.808037066,-1
0.001754754,0.096221538,0.421675025,0.23511398,1
0.956301174,0.371487237,0.491320075,0.267509216,1
0.576280335,0.520045327,0.978869081,0.660740627,1
0.846242348,0.087143596,0.42287582,0.041406488,1
0.602131936,0.731446443,0.682628693,0.061031946,1
0.676502887,0.307075079,0.348293551,0.726499574,1
0.107091999,0.252499056,0.438930683,0.587179731,1
0.307006568,0.435469011,0.310336376,0.915968715,-1
0.65841964,0.176906545,0.645103935,0.035292729,1
0.782606591,0.001803985,0.384515328,0.672467057,1
0.0394906,0.434759301,0.17438074,0.58321147,1
0.191035794,0.383639378,0.882179781,0.001841361,1
0.680203428,0.282514608,0.821408632,0.294109431,1
0.39010029,0.95108081,0.83525461,0.890216671,-1
0.932588997,0.129360617,0.348286227,0.71361036,1
0.625149199,0.833618741,0.220503889,0.319320529,1
0.21938607,0.028035339,0.680209782,0.286148937,1
0.030790778,0.284450926,0.113193779,0.071623425,1
0.581015354,0.010961023,0.843501298,0.066061791,1
0.484097038,0.162402714,0.421958202,0.863059983,-1
0.65641012,0.962473544,0.395760035,0.411929572,1
0.779264949,0.902051343,0.669311583,0.171375632,1
0.319782456,0.271205894,0.230797236,0.702491951,-1
0.30947044,0.973869425,0.862436072,0.619773123,1
0.879446841,0.307114126,0.626195784,0.633983223,1
0.301197443,0.582953887,0.107676235,0.798408498,-1
0.875136807,0.647669682,0.0550692,0.938561915,1
0.057961393,0.249144978,0.37511789,0.413529288,1
0.16518422,0.941973858,0.128043356,0.755388831,-1
0.640155426,0.306615463,0.115718889,0.955548366,-1
0.824147964,0.152197387,0.39289027,0.462762762,1
0.737818251,0.87565356,0.973842392,0.723877205,1
0.622914555,0.842092789,0.378041997,0.898681752,1
0.788760858,0.908798066,0.421410206,0.070586772,1
0.907522627,0.612738787,0.750338176,0.580403345,1
0.994522423,0.165867413,0.708822916,0.166702876,1
0.079330903,0.634077151,0.551480745,0.772273631,-1
0.054882516,0.046642446,0.582509893,0.761744752,-1
0.185260368,0.535964442,0.573696349,0.604938868,1
0.04079158,0.270122794,0.178948821,0.527728195,1
0.735075274,0.917633086,0.030598444,0.824218068,1
0.847394209,0.469635662,0.370318726,0.075636685,1
0.169957072,0.671964612,0.590129244,0.667788318,1
0.450259657,0.791944304,0.455798151,0.894465073,-1
0.072556511,0.635435253,0.808621719,0.321098324,1
0.53607166,0.866079958,0.534216139,0.793612134,1
0.586233173,0.881507007,0.443176312,0.093163898,1
0.929496208,0.418572454,0.526702554,0.690943596,1
0.054657324,0.340409571,0.792788716,0.00654511,1
0.054201911,0.274073755,0.357478809,0.781056682,-1
0.188844985,0.406479598,0.693954681,0.829480447,-1
0.546175272,0.912339174,0.917628651,0.618542001,1
0.910471646,0.893861144,0.345292825,0.996385344,1
0.890264966,0.363815795,0.782896573,0.328323519,1
0.15670748,0.739483573,0.6317367,0.599903637,1
0.240561982,0.282346756,0.798736718,0.586944947,1
0.301752776,0.296111714,0.225205429,0.505441762,1
0.565036631,0.068895847,0.163903076,0.51051878,1
0.541539257,0.510035922,0.121916608,0.155749536,1
0.409146414,0.693653336,0.780771695,0.63636337,1
0.581805168,0.974733517,0.529638236,0.288370831,1
0.196208702,0.215372963,0.437663408,0.566949721,1
0.915583485,0.31609741,0.281023091,0.618898842,1
0.220444813,0.172017444,0.016417567,0.516333711,1
0.002416172,0.556002444,0.555734262,0.073732222,1
0.396909231,0.772204096,0.572535519,0.403069134,1
0.523322004,0.392486014,0.067025106,0.778518887,-1
0.764309894,0.568529723,0.61446264,0.58887039,1
0.616628568,0.23977732,0.791083702,0.705646703,1
0.737876333,0.138417772,0.005490262,0.738517571,1
0.810786684,0.564721516,0.055682021,0.323096406,1
0.933614703,0.852757846,0.686772702,0.167237727,1
0.679664294,0.079568862,0.561003764,0.459041822,1
0.665067515,0.434114443,0.030702876,0.442408673,1
0.467066509,0.01038437,0.593550306,0.30163095,1
0.825934109,0.915917389,0.267353022,0.29601702,1
0.092473632,0.725831812,0.717460274,0.620868096,1
0.376115038,0.630671595,0.517286752,0.650206239,1
0.871254227,0.331019186,0.557544889,0.02861392,1
0.220865513,0.785588441,0.290904145,0.057183346,1
0.698900822,0.638333088,0.64770921,0.882603066,1
0.164070518,0.666668424,0.38320067,0.693227733,-1
0.30417314,0.649632187,0.35953524,0.912867761,-1
0.388772495,0.678021858,0.752663777,0.199393847,1
0.678316995,0.791000739,0.726212307,0.175196359,1
0.103216091,0.817545422,0.980096006,0.751684027,1
0.909740845,0.608514994,0.459201369,0.045913512,1
0.599667818,0.781423935,0.818052364,0.223082381,1
0.73290346,0.677559091,0.972098144,0.411600352,1
0.051226886,0.315270545,0.314758582,0.492736573,1
0.055630629,0.094982796,0.239078278,0.782435934,-1
0.868830408,0.623984052,0.332523374,0.271247941,1
0.03197397,0.86933246,0.247646764,0.985421808,-1
0.127586383,0.532953449,0.378596784,0.783771697,-1
0.914090332,0.361124621,0.91104408,0.11912172,1
0.03482769,0.904506729,0.930740878,0.589996197,1
0.05644807,0.882159503,0.849515592,0.568739722,1
0.460585526,0.067604999,0.383213141,0.740402324,1
0.52232751,0.496759262,0.830198788,0.016776212,1
0.264058569,0.141901125,0.032970552,0.289313824,1
0.893866168,0.163104475,0.98897867,0.131302381,1
0.467299577,0.37015935,0.657561633,0.873564922,-1
0.294875565,0.272825045,0.080891006,0.18634583,1
0.760009353,0.909609019,0.644622903,0.517449306,1
0.701595048,0.0450742,0.890251371,0.67261976,1
0.164873006,0.502564483,0.531819449,0.624002539,1
0.964568497,0.569174194,0.577671953,0.937487785,1
0.061560213,0.658996637,0.099398104,0.608668865,1
0.804352283,0.032315371,0.521932951,0.297647951,1
0.660648167,0.597717356,0.061548877,0.891163812,-1
0.953334131,0.180876206,0.073545248,0.988031741,1
0.427905968,0.758982402,0.923166041,0.872115749,1
0.963364612,0.296760293,0.710038698,0.901097787,1
0.874200676,0.828601315,0.035209422,0.906135806,1
0.627932504,0.572596077,0.738186962,0.50822153,1
0.864826598,0.140238369,0.657135956,0.592993758,1
0.513366628,0.244619914,0.973505625,0.9162143,1
0.65200955,0.110501844,0.514626474,0.481052599,1
0.068171873,0.388843144,0.805203216,0.786655637,-1
0.119977228,0.411976393,0.798066761,0.252720061,1
0.587479338,0.036733428,0.681630127,0.826819925,1
0.699910631,0.351771996,0.489147408,0.284127023,1
0.265970544,0.764926458,0.584379331,0.538556462,1
0.99067478,0.769157985,0.586098078,0.790853259,1
0.548924856,0.076419931,0.474316535,0.849727496,1
0.403079363,0.23679757,0.541488542,0.368907203,1
0.758521516,0.769036947,0.346308373,0.967452915,1
0.35580712,0.193194442,0.091055875,0.313234823,1
0.958343793,0.638464281,0.20814001,0.333122154,1
0.343015689,0.894842939,0.504160043,0.562223438,1
0.789344549,0.350928314,0.220180027,0.82283218,1
0.076041942,0.082185678,0.309716152,0.855495581,-1
0.474297338,0.324237139,0.460043816,0.674174609,1
0.57406187,0.842825236,0.075821527,0.259849889,1
0.687559067,0.432499273,0.323726473,0.046072046,1
0.310353092,0.426622733,0.615571878,0.243014654,1
0.8447166,0.882797388,0.928256135,0.562633754,1
0.302985685,0.770146815,0.507220197,0.61258516,1
0.686576418,0.083905442,0.714107751,0.298378969,1
0.233191378,0.317444154,0.282018317,0.25056373,1
0.123544643,0.668144127,0.278390762,0.247568334,1
0.568767475,0.051347729,0.823165874,0.036945447,1
0.267170721,0.302189868,0.662304542,0.625757475,1
0.712340671,0.275834585,0.996084814,0.300446289,1
0.501265365,0.132322365,0.8975599,0.237941501,1
0.067090106,0.365623864,0.989005564,0.212024555,1
0.287534636,0.504589314,0.630568334,0.393183301,1
0.679960522,0.130033529,0.070238185,0.045383669,1
0.553927959,0.890816187,0.585793737,0.531545942,1
0.644040182,0.407506672,0.261374692,0.609210278,1
0.632786303,0.759272641,0.233894078,0.288725339,1
0.022697834,0.291437157,0.354082614,0.649630311,-1
0.607601701,0.756167924,0.884363552,0.895502692,1
0.078076101,0.525871136,0.045145425,0.796612608,-1
0.314831112,0.235507342,0.267437572,0.142383824,1
0.193852082,0.833385561,0.745104265,0.743854538,-1
0.265942319,0.113418326,0.048980713,0.276119578,1
0.657359662,0.626700987,0.574108018,0.200358343,1
0.409374044,0.28431372,0.834082705,0.757351681,1
0.865907887,0.41693467,0.742513518,0.069935487,1
0.958453942,0.687190747,0.260030464,0.735625777,1
0.478618395,0.871374928,0.322552664,0.561023286,1
0.245850037,0.134488409,0.237611513,0.363672932,1
0.688088512,0.039019512,0.688733984,0.260817682,1
0.856589328,0.546114267,0.46049871,0.15266594,1
0.255788549,0.391645806,0.964606512,0.519423883,1
0.120883855,0.914894687,0.456607322,0.904682765,-1
0.291900258,0.782188833,0.055906926,0.213043797,1
0.776544044,0.696810152,0.907882716,0.608882732,1
0.544556787,0.753117743,0.877259107,0.893773611,1
0.85583145,0.683244279,0.407614456,0.047855291,1
0.238427738,0.013959185,0.381699934,0.907122967,-1
0.303595631,0.867329904,0.14717268,0.3099126,1
0.418244027,0.210175702,0.767454868,0.242545724,1
0.88614126,0.297543142,0.190677954,0.724119487,1
0.956810368,0.90146703,0.700584448,0.813472057,1
0.866424693,0.888213155,0.230451301,0.626475536,1
0.243942258,0.442680123,0.782785583,0.715829336,1
0.244633404,0.737832292,0.907811868,0.842232478,-1
0.971466221,0.142859491,0.856911997,0.762051785,1
0.760261552,0.459418119,0.38408402,0.107428682,1
0.455471809,0.147246518,0.293591549,0.380417492,1
0.92454648,0.193467884,0.655050539,0.394228693,1
0.193486034,0.031735353,0.801822278,0.313325325,1
0.746942359,0.590634275,0.296428661,0.815503242,1
0.892512509,0.589582772,0.815188486,0.55512777,1
0.814574005,0.038353915,0.848485429,0.114485859,1
0.151174263,0.728034492,0.201974028,0.738008456,-1
0.867171221,0.209038975,0.728759778,0.613299975,1
0.51297218,0.959335269,0.184443548,0.200737704,1
0.659120692,0.739105109,0.374367848,0.976079699,-1
0.03521126,0.328246488,0.65095934,0.039350345,1
0.135622015,0.238739365,0.859359462,0.914478276,-1
0.00760761,0.246181558,0.609729697,0.984513582,-1
0.97931119,0.619194637,0.948317968,0.373760757,1
0.227565375,0.568183289,0.560081272,0.281102521,1
0.872199115,0.845636604,0.647978711,0.72366853,1
0.26674025,0.121991028,0.150852745,0.667905929,-1
0.336550588,0.617685249,0.775325617,0.73293628,1
0.736283558,0.059900647,0.227050611,0.466279469,1
0.898957921,0.544240637,0.057136965,0.794492662,1
0.774849111,0.509021209,0.0257518,0.975527528,-1
0.242368419,0.901011772,0.448383783,0.062793927,1
0.099259128,0.368498156,0.513530624,0.380071368,1
0.001696604,0.717576837,0.345075964,0.65638682,-1
0.169334995,0.621150838,0.424611275,0.677083467,-1
0.178810186,0.887455637,0.159934584,0.097845549,1
0.761438919,0.894076152,0.247727254,0.59723326,1
0.076617296,0.266547538,0.846328077,0.684056407,1
0.487419392,0.35678344,0.213334544,0.228838341,1
0.764782048,0.39614355,0.822659248,0.525027913,1
0.102738944,0.048382541,0.93888061,0.614735381,1
0.991897359,0.476777866,0.982657567,0.572066651,1
0.232496979,0.117017286,0.130376402,0.741824104,-1
0.138313264,0.187152091,0.396475726,0.335995501,1
0.458718027,0.102915435,0.170467627,0.641398639,1
0.787682488,0.372359685,0.306597006,0.897637888,1
0.724393457,0.406703415,0.186363017,0.051584238,1
0.943964004,0.42062004,0.596144225,0.513544189,1
0.895827498,0.185832659,0.093501711,0.056555865,1
0.047636759,0.682719582,0.475505148,0.927014114,-1
0.411362998,0.870005757,0.710000177,0.942366733,-1
0.480171262,0.43461119,0.512072548,0.524489965,1
0.469051033,0.958542844,0.856098366,0.305534127,1
0.720322398,0.854618263,0.30769053,0.156802762,1
0.077106588,0.748091266,0.534212892,0.453919234,1
0.792426884,0.218776685,0.306509725,0.731537492,1
0.459925964,0.405042885,0.251685269,0.58114473,1
0.808327437,0.050433692,0.148746386,0.491410021,1
0.891694644,0.313020443,0.282826166,0.064712108,1
0.060515104,0.579086632,0.836962991,0.34739343,1
0.34842889,0.041526924,0.391318375,0.866306502,-1
0.025259442,0.17137824,0.830927547,0.012830854,1
0.46668964,0.831623507,0.900265758,0.507053187,1
0.838729532,0.567656773,0.77396115,0.312720978,1
0.107592461,0.694582421,0.741751249,0.396930611,1
0.346585733,0.054358963,0.374866402,0.366856082,1
0.284172864,0.91438867,0.660146343,0.425533741,1
0.625100294,0.600122179,0.980508494,0.764330943,1
0.718900322,0.880662069,0.010650301,0.571535371,1
0.971603381,0.533629837,0.062716802,0.564695085,1
0.22812656,0.440578498,0.098905676,0.127115743,1
0.801628699,0.254883089,0.499928464,0.52299561,1
0.019604999,0.877013598,0.460103159,0.979938806,-1
0.569474911,0.874304268,0.241524416,0.117559394,1
0.151404575,0.0594939,0.20020595,0.868241888,-1
0.770874095,0.931870752,0.080752997,0.069891451,1
0.977305036,0.521701721,0.787699075,0.309754291,1
0.118515907,0.485428085,0.415277708,0.915841035,-1
0.159457666,0.203607917,0.150089535,0.957696444,-1
0.748681325,0.206451981,0.665701309,0.219563461,1
0.449300229,0.940374486,0.581939733,0.147726756,1
0.629530818,0.184302727,0.082892562,0.213927713,1
0.526436082,0.666704281,0.45899921,0.215458623,1
0.220275658,0.890088497,0.301552911,0.250060597,1
0.896616649,0.11972775,0.665198526,0.327472361,1
0.326094275,0.825488198,0.550211589,0.644777628,1
0.845129222,0.594998943,0.330986507,0.211408576,1
0.625687545,0.263061503,0.975649063,0.161356114,1
0.79454247,0.924433096,0.466307715,0.613565106,1
0.410488861,0.969224539,0.653199934,0.77140992,1
0.41517484,0.149070709,0.494318775,0.848694389,-1
0.677785931,0.445928229,0.497077361,0.156128141,1
0.697865424,0.2046918,0.67737461,0.124508325,1
0.595471509,0.772918276,0.57958147,0.683934154,1
0.427302932,0.276805535,0.978040385,0.964917284,-1
0.728053973,0.724777305,0.644964585,0.085849722,1
0.527904226,0.851542743,0.209986037,0.826739561,-1
0.20640957,0.475495627,0.299928693,0.344969885,1
0.927949937,0.030121246,0.720036195,0.376215712,1
0.588028158,0.329946684,0.864926871,0.854954785,1
0.54809928,0.043413667,0.533580394,0.825267805,1
0.566274571,0.219237477,0.323337659,0.065043308,1
0.373822578,0.25852737,0.26060325,0.472485254,1
0.09483311,0.063145434,0.816480683,0.068448179,1
0.29763523,0.78757071,0.456372395,0.910177299,-1
0.5506711,0.429217538,0.399053574,0.063296603,1
0.71619172,0.719923681,0.741172704,0.689373197,1
0.260415736,0.009870027,0.350101349,0.896160755,-1
0.743236038,0.2939863,0.184342604,0.162956227,1
0.07579002,0.436978741,0.271619738,0.237105381,1
0.146549363,0.470824736,0.728587851,0.391399519,1
0.156016491,0.14159236,0.904515542,0.352417844,1
0.159461502,0.871876955,0.803712432,0.73415489,1
0.492171222,0.40184188,0.862601071,0.180836398,1
0.925567844,0.822036223,0.686577958,0.469160798,1
0.88793902,0.982358897,0.032335502,0.824772798,1
0.65931793,0.448279191,0.573719504,0.797915763,1
0.632758045,0.789703853,0.059559287,0.389405554,1
0.420234118,0.664072189,0.634470705,0.885303246,-1
0.611507512,0.615348707,0.877161705,0.766863256,1
0.750090983,0.115621893,0.204089526,0.116260193,1
0.841459795,0.381573844,0.454045781,0.073887443,1
0.02516497,0.96111452,0.158394534,0.933642423,-1
0.236765101,0.075553964,0.672555516,0.084327464,1
0.062167592,0.6951689,0.002058955,0.156857288,1
0.274550321,0.315229098,0.714036002,0.571786584,1
0.515193162,0.577329951,0.004942713,0.352234712,1
0.54473471,0.092064053,0.272323873,0.590728015,1
0.004627324,0.030750735,0.376707175,0.165515311,1
0.30622482,0.269974487,0.307209649,0.58402193,1
0.538518534,0.790670726,0.372718938,0.752009256,1
0.652579121,0.551939076,0.85091979,0.425248661,1
0.574400626,0.768253952,0.539514468,0.984270322,-1
0.105585169,0.301004789,0.37985381,0.472715928,1
0.222568721,0.320742483,0.226850908,0.0217578,1
0.015473385,0.783849853,0.01864709,0.90272716,-1
0.196604736,0.609034728,0.52287111,0.70673033,-1
0.353196241,0.758894377,0.505575702,0.765774403,-1
0.362531944,0.925017557,0.901099215,0.55171488,1
0.521025047,0.179024618,0.608923256,0.727960172,1
0.87594151,0.473321818,0.752213781,0.181048298,1
0.021335755,0.129271428,0.860052226,0.796709316,-1
0.187592221,0.171215005,0.675568403,0.399894501,1
0.935526882,0.476235123,0.402235788,0.190023461,1
0.337065796,0.440980719,0.137983754,0.980338806,-1
0.439650062,0.803841881,0.817665023,0.231527841,1
0.641258364,0.257809831,0.124106932,0.407057775,1
0.067692485,0.109760273,0.529556222,0.21150197,1
0.025967423,0.994119953,0.744640811,0.982235113,-1
0.951381997,0.47160777,0.987535599,0.852921112,1
0.309076975,0.951736091,0.113648681,0.117273783,1
0.000695415,0.303156434,0.369181311,0.120341123,1
0.711912232,0.957513758,0.322288206,0.788983789,1
0.671485892,0.10961434,0.723962548,0.882602099,1
0.000493126,0.101943589,0.370384028,0.914689193,-1
0.998988798,0.170493888,0.172617331,0.103070408,1
0.606147698,0.411890153,0.255782758,0.201684846,1
0.187689244,0.883772447,0.631413791,0.622426431,1
0.658268684,0.177084471,0.625848709,0.876455654,1
0.178202979,0.645573879,0.884122118,0.250516236,1
0.586221156,0.486873083,0.839086287,0.051675553,1
0.739472577,0.554516067,0.429472438,0.779722543,1
0.396667316,0.357229066,0.659472446,0.394171884,1
0.17847754,0.054295031,0.247121241,0.901813342,-1
0.982443093,0.48410899,0.144749573,0.511666574,1
0.993527618,0.762568901,0.966023773,0.92988055,1
0.236490563,0.097522158,0.409774325,0.131172609,1
0.754566728,0.348103139,0.449783725,0.199335482,1
0.736517999,0.203367461,0.768160368,0.241280144,1
0.613733488,0.345771808,0.722631801,0.117223115,1
0.180788385,0.193864461,0.360548444,0.404393725,1
0.225780109,0.669057078,0.957212846,0.431665129,1
0.80381421,0.798189196,0.995241013,0.211804402,1
0.32901885,0.762341847,0.756759497,0.961276587,-1
0.569892331,0.608506118,0.36509222,0.343547565,1
0.599987954,0.525629021,0.484966519,0.655650299,1
0.038251989,0.189922769,0.928745278,0.582979706,1
0.015410413,0.293675293,0.045260182,0.79473153,-1
0.71136597,0.536361268,0.586794652,0.210947367,1
0.413915008,0.515820663,0.838334877,0.659910639,1
0.481176082,0.852764707,0.481528121,0.272295873,1
0.731195709,0.969469264,0.375622593,0.238600103,1
0.242704748,0.018939399,0.98265318,0.802619526,-1
0.563485265,0.388829023,0.652528413,0.993708159,-1
0.713765827,0.102366984,0.447288868,0.692794788,1
0.332955914,0.92174885,0.632490988,0.932185453,-1
0.4259202,0.300489636,0.889028705,0.017373797,1
0.148055123,0.959162356,0.714469448,0.306466721,1
0.828096169,0.807891863,0.909255062,0.642812974,1
0.628685522,0.11847108,0.918972362,0.623981073,1
0.257584905,0.951303565,0.04620576,0.020927142,1
0.088050127,0.517842855,0.878663782,0.402179094,1
0.561323324,0.598155846,0.075050856,0.39149,1
0.354985127,0.244788993,0.108028311,0.112289201,1
0.267204546,0.266392376,0.93608128,0.186176928,1
0.507435095,0.147594214,0.920700034,0.929461267,-1
0.136751414,0.87156921,0.012355105,0.722036107,-1
0.878585301,0.387446705,0.246430445,0.111723553,1
0.846781139,0.65965901,0.779662203,0.358562686,1
0.18413541,0.010179557,0.085914785,0.329467205,1
0.300830154,0.50657116,0.386605295,0.937296386,-1
0.159541228,0.779709931,0.177462276,0.805293493,-1
0.562383811,0.470074766,0.359611641,0.371774411,1
0.382872535,0.256306731,0.972037907,0.660564524,1
0.50528656,0.198020731,0.104384167,0.888413346,-1
0.362959966,0.453713607,0.064793642,0.85076213,-1
0.27943298,0.911919618,0.059770174,0.615966325,1
0.563943233,0.668269817,0.335442969,0.037794276,1
0.285785219,0.931249052,0.799851727,0.331074736,1
0.73741951,0.567439884,0.016063667,0.425514555,1
0.029378435,0.784176661,0.980814838,0.689944193,1
0.779685378,0.59797851,0.284609462,0.746254817,1
0.693874248,0.442523148,0.419128308,0.150771375,1
0.540292025,0.196360266,0.749182672,0.715660248,1
0.704497043,0.736287353,0.656687145,0.891096147,1
0.49107951,0.341777208,0.962708738,0.124944321,1
0.208612261,0.154970171,0.807604866,0.067366574,1
0.490603178,0.598418175,0.365020173,0.688558911,1
0.856907145,0.900638468,0.951495543,0.900046824,1
0.006536927,0.041932203,0.870892177,0.444400582,1
0.442540533,0.330598621,0.939673106,0.712841262,1
0.938907021,0.53095594,0.021802982,0.820391081,1
0.287496058,0.867379666,0.860210812,0.550632369,1
0.457238498,0.850024434,0.347778352,0.238460998,1
0.050937808,0.134958498,0.578133376,0.904369434,-1
0.771166372,0.704143114,0.422411057,0.957856554,1
0.755589244,0.366003479,0.550614142,0.221429444,1
0.255944793,0.735253439,0.315545222,0.422405305,1
0.748441971,0.353089034,0.446458528,0.033935072,1
0.728014451,0.621375858,0.125794699,0.215455923,1
0.308377269,0.030951909,0.201455092,0.06742979,1
0.00015225,0.63642945,0.802753941,0.394338066,1
0.26273585,0.283828356,0.713644323,0.194144689,1
0.580080439,0.247472457,0.935906798,0.564556827,1
0.879609091,0.992676138,0.946252915,0.478376284,1
0.12499424,0.064155986,0.386664881,0.558245691,1
0.922429225,0.934308461,0.824811938,0.183582125,1
0.393108093,0.912782147,0.534170292,0.451461599,1
0.285596533,0.622774097,0.181772486,0.927145928,-1
0.713973626,0.83236777,0.496482602,0.963216885,1
0.8433142,0.113897556,0.936179271,0.688364345,1
0.307111791,0.860654552,0.948458494,0.681841229,1
0.563195103,0.149974089,0.986210263,0.81502386,1
0.912219977,0.683965902,0.303030791,0.731797419,1
0.276210353,0.615238724,0.29485212,0.51827547,1
0.738923784,0.744021086,0.403459442,0.160928421,1
0.022400967,0.105878567,0.931999027,0.615549456,1
0.633284008,0.006687152,0.214865678,0.081003225,1
0.161464824,0.091803563,0.134133301,0.071796175,1
0.268847331,0.040066705,0.744080103,0.944833136,-1
0.221360538,0.60056537,0.436093244,0.17356055,1
0.194893983,0.189120836,0.929891655,0.490543802,1
0.796324414,0.184799115,0.227784515,0.849808373,1
0.49428707,0.985738676,0.172226618,0.950103064,-1
0.382335092,0.447633359,0.359891307,0.144467012,1
0.816638916,0.18171149,0.832972793,0.406295643,1
0.421450809,0.533254182,0.430317477,0.002421307,1
0.664659411,0.256787924,0.591923377,0.357849622,1
0.54805368,0.780688571,0.558880339,0.301692339,1
0.460614825,0.92091832,0.886181035,0.879473815,1
0.970343092,0.752305178,0.01554329,0.99234192,1
0.455763166,0.520498255,0.088893024,0.785104578,-1
0.717693831,0.545401572,0.744135688,0.687323293,1
0.611293551,0.082341522,0.377002455,0.404969649,1
0.687377999,0.405014683,0.554466675,0.61826548,1
0.417461755,0.844878757,0.551509918,0.813149776,-1
0.315395002,0.859363018,0.217365052,0.115355671,1
0.085871508,0.154632577,0.802180065,0.964472234,-1
0.196792137,0.778049589,0.026482858,0.113878876,1
0.186622583,0.925405285,0.549709937,0.031173257,1
0.876555437,0.950212328,0.482800836,0.432901384,1
0.61980769,0.230256204,0.700548478,0.980992503,-1
0.163515198,0.630784608,0.641791243,0.636527207,1
0.987214768,0.386913964,0.261724513,0.457808637,1
0.114374242,0.358104856,0.785349004,0.305115509,1
0.730673999,0.645077852,0.839365565,0.520610263,1
0.381409153,0.61924525,0.604760217,0.535554669,1
0.730111647,0.376313285,0.12174188,0.366922319,1
0.810779715,0.897703963,0.346714264,0.015902992,1
0.028783346,0.849642273,0.939559029,0.762705769,-1
0.965802649,0.492717577,0.554943155,0.652237176,1
0.973129058,0.903729655,0.025044733,0.574323022,1
0.729375751,0.151670304,0.049482424,0.534938685,1
0.039868028,0.499979747,0.210334425,0.475990733,1
0.654049374,0.048972792,0.858313346,0.039508267,1
0.640554824,0.506434542,0.577115912,0.879054664,1
0.184353448,0.201457339,0.131960453,0.822206765,-1
0.735343001,0.893487566,0.15968488,0.422291979,1
0.628907731,0.596781311,0.295739469,0.782024018,1
0.381772234,0.984771192,0.20512798,0.779750295,-1
0.845019802,0.461285129,0.679125457,0.797154881,1
0.235574809,0.752229718,0.920062168,0.9946384,-1
0.882963073,0.503401905,0.005880207,0.015086386,1
0.095936836,0.786960192,0.553592593,0.719519136,-1
0.228478482,0.012691898,0.12022385,0.632978247,1
0.015210799,0.940265801,0.999565802,0.378218578,1
0.895205829,0.590050046,0.835055668,0.482345894,1
0.059441043,0.460336272,0.318710526,0.910160448,-1
0.897861138,0.651168089,0.246053123,0.234024544,1
0.548434995,0.392823359,0.754794783,0.39257275,1
0.265420538,0.346891225,0.934262643,0.37385322,1
0.482526458,0.238214604,0.531249059,0.210121744,1
0.295207063,0.531985952,0.507584301,0.499120507,1
0.911497518,0.730343408,0.899712181,0.80492483,1
0.447934202,0.235005738,0.067123724,0.28419876,1
0.431737928,0.455124343,0.979351878,0.926905645,-1
0.597573739,0.583679856,0.113072056,0.399199706,1
0.942879258,0.214324661,0.170452382,0.346884624,1
0.62018926,0.435735285,0.415828071,0.285196268,1
0.905089494,0.682777843,0.104263061,0.083478497,1
0.013393988,0.918761577,0.367572926,0.422024984,1
0.575709576,0.186023055,0.022226357,0.658000559,1
0.45864936,0.199988812,0.196519526,0.693574124,1
0.74741715,0.543334285,0.525856286,0.406714416,1
0.556972315,0.730630899,0.293511844,0.78455512,1
0.075818879,0.471680463,0.399156111,0.911111718,-1
0.428022249,0.94508414,0.404529284,0.242496665,1
0.872619211,0.493988294,0.423573848,0.552366461,1
0.248568987,0.257158898,0.209735425,0.580623329,1
0.835150872,0.852659997,0.643897083,0.985007765,1
0.978981934,0.682626155,0.785477747,0.348797904,1
0.780514693,0.046397338,0.35283264,0.356997825,1
0.129735038,0.982246278,0.415753844,0.406485266,1
0.782690731,0.433204076,0.576278134,0.650468332,1
0.03301079,0.404011687,0.958944237,0.595519789,1
0.933078447,0.937040802,0.755739132,0.538914185,1
0.824291332,0.010746847,0.746518961,0.103034771,1
0.048410784,0.185691119,0.47283971,0.009635624,1
0.858180488,0.473489526,0.14993475,0.245454646,1
0.056791143,0.205244798,0.465489139,0.460975178,1
0.351056075,0.441002772,0.329407034,0.572097267,1
0.992353294,0.717850825,0.360995549,0.572728531,1
0.380334616,0.372083266,0.424274644,0.74312689,1
0.360080486,0.626489253,0.852869698,0.120024751,1
0.174342661,0.950627797,0.977501474,0.252004875,1
0.284620466,0.838286322,0.802100741,0.369961325,1
0.362810981,0.27174128,0.259469307,0.994394376,-1
0.046263322,0.676333123,0.501684648,0.113288005,1
0.461314661,0.718630509,0.960602807,0.528900107,1
0.935416699,0.989586947,0.465715874,0.363796464,1
0.090335858,0.844203758,0.413706064,0.757358446,-1
0.554033392,0.47624027,0.266590463,0.135277473,1
0.077700782,0.846593448,0.337042968,0.673993809,-1
0.104432753,0.587365871,0.114802922,0.249345347,1
0.414172719,0.715466741,0.869670581,0.815427905,1
0.232449227,0.346335232,0.960612364,0.3013128,1
0.154196271,0.744436489,0.282894819,0.328839434,1
0.001331899,0.563913503,0.444133666,0.161362973,1
0.703462073,0.544031082,0.254619721,0.393110846,1
0.244619088,0.582688989,0.052743473,0.602292675,1
0.039970809,0.862410181,0.343109861,0.112233467,1
0.593426579,0.630076744,0.781380429,0.736514129,1
0.79159715,0.648711338,0.91190832,0.606076094,1
0.736445592,0.713251525,0.689987194,0.919869871,1
0.969545933,0.328926071,0.094815735,0.806532724,1
0.682734802,0.173246975,0.481009948,0.939338496,1
0.138072353,0.659653971,0.194039254,0.626483977,1
0.620735067,0.440977182,0.658947333,0.447152215,1
0.851604399,0.707325167,0.428546091,0.620197007,1
0.64119231,0.887750114,0.993604469,0.728353803,1
0.505822777,0.048928978,0.108218637,0.858296316,-1
0.915944486,0.671659843,0.462335573,0.961389729,1
0.079917243,0.385913478,0.01643621,0.59190715,1
0.568236306,0.012270691,0.58980531,0.360216532,1
0.025434671,0.978579761,0.132194081,0.550576565,1
0.863438087,0.682540689,0.034969197,0.440197876,1
0.439827127,0.766111722,0.999839286,0.257465988,1
0.885814321,0.049721571,0.33165577,0.729553685,1
0.498701774,0.546659595,0.224639361,0.122980666,1
0.48521199,0.874042292,0.641425251,0.448237265,1
0.137143754,0.141159263,0.982595788,0.971884259,-1
0.428892548,0.75603851,0.558590649,0.756654394,1
0.975920093,0.041874049,0.351003499,0.476647963,1
0.174935331,0.355904543,0.888469467,0.069153049,1
0.092747434,0.205804181,0.61519898,0.273432051,1
0.747785372,0.30572633,0.765444361,0.252885731,1
0.671015975,0.131914108,0.942448398,0.444583183,1
0.357995339,0.169800958,0.499074065,0.4521662,1
0.06621598,0.887881675,0.907784126,0.782654329,-1
0.471943559,0.796142304,0.875647388,0.672251562,1
0.070382736,0.124471905,0.425366183,0.782665769,-1
0.589146545,0.472135906,0.033788471,0.180073536,1
0.931819659,0.590764009,0.506335507,0.218438857,1
0.952051036,0.362259514,0.458546755,0.830810138,1
0.790665029,0.441022733,0.624033794,0.955508256,1
0.663478658,0.266490943,0.72315484,0.561077886,1
0.972980667,0.300872645,0.497020498,0.283954108,1
0.074208005,0.111397187,0.075306936,0.996192028,-1
0.59959768,0.788968013,0.86126864,0.827068266,1
0.936923732,0.035853461,0.139710787,0.725442081,1
0.872094169,0.374103272,0.216187517,0.576010099,1
0.025646755,0.043504925,0.933449284,0.401651928,1
0.784920768,0.242628568,0.608542725,0.89318391,1
0.629419861,0.924146871,0.995804572,0.150089873,1
0.0247969,0.911264098,0.147997458,0.089943057,1
0.715693599,0.175014409,0.15972159,0.478932144,1
0.948731652,0.741070141,0.672333462,0.070345248,1
0.306105485,0.936833056,0.856937004,0.890847381,-1
0.588586919,0.162586328,0.17604512,0.747563615,1
0.945285816,0.657979789,0.543831977,0.597653088,1
0.234602892,0.819767731,0.788495533,0.589059613,1
0.436259778,0.549739428,0.352968706,0.995791194,-1
0.3649636,0.966174492,0.024740873,0.777839114,-1
0.440182119,0.630499928,0.314024696,0.921815285,-1
0.223324621,0.374486272,0.308144382,0.037822474,1
0.605169675,0.835864369,0.588252233,0.363454795,1
0.139885184,0.116533722,0.981217434,0.541692349,1
0.086509908,0.256096228,0.209775011,0.314609804,1
0.903751596,0.520696307,0.16223601,0.143612208,1
0.064053075,0.854645459,0.974456786,0.929025104,-1
0.409520221,0.90161122,0.484497229,0.46967384,1
0.167828199,0.082858473,0.633161255,0.310978917,1
0.466354035,0.211069422,0.00144572,0.797611265,-1
0.368047426,0.015137572,0.714978466,0.218578762,1
0.68871727,0.246007221,0.266084855,0.132070824,1
0.344210335,0.754389984,0.889238647,0.710436377,1
0.246475025,0.451389348,0.931224274,0.61566758,1
0.25828998,0.631103174,0.695532194,0.403659878,1
0.193481857,0.307074225,0.692954513,0.630359565,1
0.249823989,0.043422018,0.531451454,0.176201448,1
0.521902037,0.871282136,0.613612826,0.271432121,1
0.85453961,0.15746014,0.259418638,0.670580481,1
0.225957393,0.82596653,0.324096282,0.488386576,1
0.763723753,0.737675502,0.636025946,0.249140939,1
0.734316828,0.339505138,0.302767838,0.127141989,1
0.010140299,0.924928777,0.910006196,0.382147912,1
0.701392066,0.672341929,0.12767413,0.200969039,1
0.902826544,0.891836308,0.377681735,0.250192901,1
0.60270148,0.625450545,0.019682889,0.819732602,1
0.517944571,0.909434244,0.118624967,0.946149041,-1
0.927044818,0.094805011,0.415257389,0.322862317,1
0.846253559,0.94795032,0.729220577,0.683849725,1
0.641411906,0.315882601,0.732146773,0.157648409,1
0.760070691,0.091909903,0.967653992,0.608966348,1
0.89495244,0.194146531,0.988057942,0.241314862,1
0.223420956,0.401997942,0.780906366,0.839212013,-1
0.409499775,0.402400533,0.771750033,0.249124686,1
0.865741065,0.682186067,0.97739298,0.185523906,1
0.216182761,0.312921858,0.752012038,0.367736607,1
0.604456004,0.383434891,0.550487829,0.385442422,1
0.665435033,0.014714164,0.813124469,0.349855975,1
0.715515525,0.958893804,0.507417121,0.66616822,1
0.429465434,0.849498544,0.654233377,0.504257748,1
0.36851606,0.685249429,0.099207515,0.047646837,1
0.869335915,0.651867366,0.610458701,0.421945705,1
0.503707375,0.164140923,0.09317213,0.685324865,1
0.142671298,0.528711653,0.003572773,0.425057791,1
0.224340905,0.659942132,0.503101896,0.60005724,1
0.200173659,0.137401019,0.023789029,0.939542698,-1
0.695501324,0.554233183,0.295414289,0.042631748,1
0.853760208,0.596682101,0.01852678,0.933190962,1
0.009788324,0.64095554,0.788685384,0.526502944,1
0.291248417,0.628328541,0.425468672,0.546370363,1
0.190797083,0.744488837,0.212856219,0.100122456,1
0.896384986,0.822336975,0.88278375,0.088124295,1
0.700187648,0.170224224,0.833044271,0.728057085,1
0.775893015,0.763495251,0.057099466,0.609847722,1
0.8984718,0.516130725,0.506171538,0.255616556,1
0.971603135,0.581123922,0.968386414,0.041438373,1
