-4.617544237,-2.469679381,-1.967660787,1.813355506,-1
-1.110968984,-2.592819511,1.149164575,0.572509318,-1
1.164321358,2.300244563,-0.660355163,2.833743,-1
-2.518212571,-3.619048075,1.673303741,0.030406537,-1
4.821442249,2.037048,2.348537906,-1.683378603,1
2.997117039,-4.759569904,4.886906265,0.004441965,-1
-4.523604913,1.325830309,2.936288302,-2.171787402,-1
-2.668418077,-4.187210032,-3.148458644,-0.064014493,-1
3.713809316,1.010366623,-2.811727964,4.071703435,-1
1.790263656,-0.100462056,-4.11356743,-1.380008915,1
-0.248238349,2.407072854,-4.142024191,-1.529662128,1
-2.144104423,2.805641504,-1.580514307,-3.912728962,1
4.799896572,-1.178095581,1.922404196,-4.107003465,1
-0.949412541,-2.357284328,-2.218801237,-2.170775928,-1
-4.972000598,2.433906266,3.088565349,-3.668726572,-1
3.399551686,-4.827611355,-0.775905186,-4.938852008,1
-3.154257904,-0.280093743,-3.490518105,0.976737852,-1
2.684573031,-1.530965119,3.78914149,-2.448476407,1
-1.812480362,-2.081523381,3.193695382,2.659673382,-1
0.512113468,-4.342925972,-3.004208078,-2.930749276,1
-2.32988796,2.172190036,0.456427314,-1.368152469,-1
-0.31994984,-4.472507923,-4.698207411,4.919268583,-1
-0.419137187,-0.901976319,-0.585444003,2.469070974,-1
3.783959529,-3.438876306,-0.404556243,3.496721406,-1
2.701314494,4.332824104,-1.057150637,2.854910895,-1
-2.465994249,1.718675271,0.777024832,-1.211106028,-1
-3.729787176,4.295006078,1.946790289,2.235542893,-1
-4.658960219,-2.479848021,-2.568782771,2.139736815,-1
3.410416339,-0.9332265,-4.02420994,3.163519297,-1
-2.94508334,3.786553541,-4.647739749,-1.719811973,-1
-0.747894917,-1.820589163,4.577102151,0.268477181,-1
-2.445204269,-3.949428566,3.793715721,-1.098306765,-1
-1.527071939,3.089002739,1.023962982,1.694288128,-1
-3.470186054,3.455596232,1.274050298,2.474102647,-1
0.568552455,0.524525176,3.003773159,-0.928127276,-1
-1.74901727,4.833216099,0.123290861,-4.865537284,1
3.880522715,2.75148127,-1.881938248,-3.768915417,1
0.258516619,0.111821582,-4.431511133,1.682825956,-1
0.912642464,-4.557243098,-4.872608168,-4.858088414,1
-4.961554469,-2.671209436,-1.307841569,2.277242913,-1
0.27307877,-4.836960276,1.625599469,1.935914335,-1
3.543672798,2.353728411,-3.450187591,0.441924087,1
-0.920415519,4.975957966,3.638673012,3.870605802,-1
0.504738175,-3.502424566,2.448850652,-0.694134689,-1
3.602423755,2.80848227,-4.589065197,3.710422188,-1
1.899156101,2.254687808,-3.486189103,-3.898170897,1
-0.043502712,1.34550784,3.741740779,-1.338857382,-1
-3.166909576,3.951970758,-0.109562774,-2.745012268,-1
-1.466244931,2.551574256,4.414823748,4.048861537,-1
3.559551587,4.03801322,-2.934962217,2.621880629,-1
0.253089843,4.742007851,3.111094281,-1.015291573,1
1.50739917,1.373002846,1.620569581,-0.596327193,1
1.325152601,-1.320419905,2.010066737,3.394381935,-1
-4.283080162,0.831316093,-3.899001641,-2.818174836,-1
2.301816968,0.193494285,-3.066052017,4.531097939,-1
-0.6306808,-2.258646808,2.286029921,0.605180387,-1
3.014187465,3.279274272,-4.687224604,3.439560581,-1
2.715733916,-0.32259758,2.980859073,-2.124413264,1
1.959799523,1.566867412,2.849751998,-1.096998412,1
-1.024684706,0.150575536,1.505216555,-4.615371213,1
-0.319220623,-2.902155457,-2.288628842,-0.647598558,-1
4.741987415,-3.836848217,-0.624138835,0.808994051,1
-3.975721473,-3.04550297,-0.135785393,1.683373832,-1
1.660482809,4.016416613,-0.753370042,-2.767212181,1
-2.813586667,0.190776088,-2.022653357,-2.418132402,-1
2.612595679,0.2875915,4.728869711,-1.987142335,1
-4.443068479,-3.331147583,-0.060317288,-3.624888042,-1
-1.515551677,-4.806542706,4.170087613,-1.407451811,-1
-4.088497038,4.990161803,-1.429763684,-1.724485767,-1
-2.235030112,2.527306247,4.232705577,-3.84124581,1
-3.720158423,-0.977379451,-2.248553417,0.43467757,-1
-4.712744397,3.414845464,-4.205298726,-4.901775978,-1
2.619963456,-0.162892165,-1.684636151,-1.821129129,1
-3.536126601,0.824635732,3.418346808,0.309980842,-1
-1.833905532,4.153597602,2.70648387,1.499905824,-1
-4.293600926,1.167983728,-3.645048205,-3.34452293,-1
-4.700207071,1.631664377,2.135190862,3.908138147,-1
4.081006326,0.41269024,0.750283133,-4.726551698,1
-1.065050143,-2.401229299,-1.911073771,-1.659765466,-1
-0.619956439,-4.601267489,1.649337474,-4.431903635,1
-1.754591409,0.652945452,-0.722593779,0.858863282,-1
-4.917196007,-0.970714447,4.762915013,-3.551197626,-1
-4.439356778,2.679469384,1.981088827,1.239096176,-1
-1.002845702,-3.227437484,3.043879943,-2.682552009,-1
3.729615702,-0.825895695,-4.305139402,-3.524978107,1
3.944491314,1.814050988,-1.081583127,-1.688873804,1
3.390757671,4.214763528,-1.07074552,-3.076007972,1
0.463452447,-4.907935342,1.14782425,2.681075519,-1
1.514826877,2.176431268,1.208391499,4.243576266,-1
0.396230425,2.740569706,3.703573879,-4.712620414,1
2.284481509,1.085692576,3.891107234,4.376296843,-1
-3.066792459,0.4085901,3.639092382,0.760073648,-1
3.394410256,-2.01620027,-4.720321629,2.593700339,-1
0.51245925,-1.700020958,-0.885128756,4.060319384,-1
-1.643477524,4.528763678,3.309434789,-3.860446621,1
2.437030222,-1.119717025,4.540376908,-0.75167063,1
1.442797743,2.018834341,4.342056532,3.948821968,-1
-0.366996812,0.464077507,-1.495645027,-2.103528268,1
0.958275162,-2.67301755,1.131434017,-2.638569604,1
2.747360868,3.899362658,-2.85516382,4.894847,-1
2.114888157,-0.512209162,-3.107799499,-1.092205377,1
4.348705417,4.684303948,-1.990334962,-1.575662199,1
-2.628470346,0.286555573,-3.931644977,0.482833915,-1
3.738891028,-1.621997349,1.714083033,-0.443028864,1
1.436163134,2.542319478,4.318653119,-0.453889515,1
1.774046395,-0.440800172,2.471687548,-3.042698147,1
-2.52677528,-0.43630003,0.894590208,1.2960442,-1
3.506464003,-1.109049866,-0.665568497,4.256213548,-1
-0.305116715,3.805850852,1.854686635,2.657413731,-1
3.672035126,-1.444352274,0.34845322,-3.910931311,1
-3.473230087,-4.441658944,4.656876799,1.837415879,-1
3.142553724,-2.354097425,0.603530309,-2.890545197,1
-0.753312944,3.774420608,2.941556432,-3.394445621,1
-1.564922944,-2.5109855,-0.978808238,2.454889571,-1
-1.872600218,-3.107401231,-4.740000387,1.368636492,-1
2.283295898,0.76768709,3.490272823,1.894020806,-1
-0.859419975,-0.256060749,2.150482002,2.592281628,-1
-1.782162689,4.277830779,-1.294155339,4.64550512,-1
1.628031426,4.973019958,3.619004647,1.282068513,-1
4.019060756,-1.010463831,2.035788581,3.687313629,-1
-4.386921631,1.489006314,-3.850128191,0.488774688,-1
-1.226399216,-3.372208964,4.320089506,1.297983862,-1
-4.49545592,-4.099520686,0.642613555,3.161963108,-1
-0.465164825,-3.94608185,-2.252990014,1.194607366,-1
-4.449940148,-2.502786206,1.930871663,0.447716761,-1
-0.737863139,-0.906981304,-3.770000339,-4.727246126,1
-3.675067351,-4.202090494,-3.143161402,-2.012046972,-1
0.022208305,-4.381857609,1.442069316,-3.315538883,1
-3.032407539,3.787814542,-1.791387636,-4.559967832,1
-3.259607812,-4.32659108,-1.95983769,2.380285109,-1
-0.77452742,1.044988883,-2.482088441,-1.793006941,-1
-1.732964056,1.816126771,-1.41804677,-1.311778002,-1
-4.449212122,-0.804142442,-4.49220649,-0.017288607,-1
1.74543416,4.403463293,-0.29839058,-3.403388746,1
-0.87874591,4.727651061,2.951213852,2.230860512,-1
-0.966789026,1.227004034,4.40749801,4.558383161,-1
-2.121656659,4.405288454,-3.983772522,-2.041844901,-1
-0.174713121,2.212670948,4.567596265,-4.78945018,1
4.220248324,3.601149735,-0.320162013,0.465571587,1
-3.644878467,3.268438335,4.554749573,-4.775386163,1
3.526773054,0.893712543,3.327944464,2.196049749,-1
3.775116693,-3.702960112,0.069176608,2.611567273,-1
-0.022362865,-1.873034769,-0.70350432,4.00417887,-1
0.34498959,-4.115571294,-4.19967123,-1.399936892,-1
-4.815284636,-4.601031526,-2.551019709,0.957092445,-1
2.087331094,4.108650598,3.166638108,2.081067242,-1
-3.178593999,0.52764604,0.745102064,1.484831231,-1
-0.335360978,4.224906397,-3.042578131,3.755586218,-1
-2.966938814,-2.192244472,2.61361873,-1.871951215,-1
4.854537139,0.409128424,1.002643079,4.438117968,-1
-1.444296909,-3.453660466,-3.739023084,4.758644479,-1
-3.541318348,2.512674647,-2.650028834,1.091802909,-1
-3.250885594,4.033386363,2.399918653,4.38917355,-1
-4.2502359,3.726545258,2.579623077,-2.851957265,-1
0.45533128,-4.133900513,0.449626903,0.592490185,-1
-1.668695695,-0.979663254,0.746950244,-3.860252332,1
1.551092453,-3.891812294,-0.216686099,-1.129517453,-1
1.527436176,-2.946745602,4.324084005,4.36778404,-1
2.704917499,-2.046790163,-4.492310752,3.071687213,-1
-0.215793448,-0.173600588,-0.723962887,0.925451288,-1
-1.718259858,-3.557463711,-1.953711408,-0.132059514,-1
-2.33946566,-4.654051423,3.030713648,0.983841005,-1
2.130228942,4.795866872,3.378491446,0.228566884,1
4.01781837,-4.839669634,0.435069346,4.83067569,-1
-4.272599598,-4.608122899,2.373591685,-3.378516227,-1
3.715998735,-2.94278341,4.654626141,1.452311628,-1
-3.601358234,1.282757853,-3.955039235,0.842577903,-1
1.793000069,4.30700854,-4.357536979,1.934688863,-1
0.128251558,-1.469411346,4.099295676,3.324137614,-1
-1.383064076,-3.928259917,-1.161688409,-0.829682337,-1
-3.545040839,1.497631824,-4.117273901,0.545284388,-1
3.998965432,1.381810873,-0.408684703,-1.675110247,1
-2.441676484,4.671120137,-4.670941777,3.33698199,-1
-0.841397464,-4.137475809,-2.009800022,4.257305983,-1
4.797252886,-3.180159151,3.981453925,2.54832113,-1
2.075186063,1.474832453,-2.096665178,3.1044994,-1
3.137910537,4.616723082,-3.634453369,-4.917559464,1
1.118879621,2.522775352,3.544403016,2.511262244,-1
0.50563324,3.058988763,4.455327157,-0.374908831,-1
2.527914822,0.929881178,1.404825378,-1.611714313,1
1.503637726,-2.529414398,-2.22591451,3.185692722,-1
-3.55888007,-0.57527839,0.877155225,-3.692244166,-1
4.650395119,2.000597922,-2.97222655,4.455483745,-1
3.534971187,2.749489399,-3.458078388,2.694958278,-1
2.089645761,-0.719840975,-2.14476068,4.719847391,-1
-2.589066837,-3.020344289,-0.726119497,-4.989282335,-1
-4.918454138,-0.600987551,-2.587764021,-0.732407678,-1
-0.527415279,4.47805323,3.059302172,2.617821485,-1
-3.150823704,3.287261377,3.528094926,0.504323416,-1
-3.461975136,3.77761599,-3.364690326,4.535440165,-1
-4.592816701,-4.720823441,-3.66370721,-3.758814182,-1
-2.755855971,1.937627227,0.631010517,0.396722681,-1
0.200136871,1.784292432,0.793664582,-1.828255999,1
-3.862390643,0.163840711,3.102802451,4.297239965,-1
-0.037577546,-4.929515521,-0.078412199,-4.392877206,1
-1.33690164,2.539826395,-0.951786461,0.563913531,-1
-4.295464439,-3.243658026,4.472529711,1.331430542,-1
-2.882210342,-2.39572992,0.200477477,-2.871195568,-1
3.175468029,2.578433053,2.404805255,-4.972262282,1
-0.93639176,-2.431881506,0.242609094,1.529927974,-1
-2.59906227,-0.586927228,-0.736979726,3.335070045,-1
-3.235478763,0.478764715,-3.669283527,-3.412968444,-1
4.335403898,-2.384964218,4.543093171,4.168923762,-1
-4.711426526,1.844437601,3.891486444,3.596211524,-1
-1.626112349,1.940030466,-3.589154437,-1.894624995,-1
1.263160068,0.16854695,3.501999026,3.938003509,-1
-1.642160953,-2.998318552,4.949057511,-0.747360334,-1
-0.619354041,0.28125339,1.701455851,-0.429437803,-1
-4.692888783,-2.158533364,-4.128827778,4.284630363,-1
-4.105262606,-4.076145192,-1.43197898,0.903370774,-1
-2.11239149,3.792801937,3.291897687,-3.233433569,1
-3.956544691,-4.21361151,3.963228622,4.473727363,-1
-2.05216918,-0.160916567,1.798425641,-2.141508624,-1
1.848030135,-4.094599603,-2.452909849,-2.938822351,1
-4.915351312,3.86258113,4.234853155,-0.196968064,-1
-1.874718156,-0.957250346,-4.86053045,4.056825527,-1
2.568878733,2.618232386,-3.287421265,-2.921532174,1
0.527308954,3.410905542,-2.201578639,3.512041129,-1
4.934039746,-4.599191867,3.124572156,4.899196793,-1
0.959741058,3.272473096,1.416397239,-2.096227049,1
-1.133435734,2.192967683,0.018415498,1.542792292,-1
0.707419421,3.351564296,3.300665269,-3.884815758,1
4.631641771,-2.935065794,0.115306753,0.250992653,1
-3.158359461,3.095617813,0.774115126,0.700824181,-1
-4.40003888,-2.673488348,4.980221971,-1.018632809,-1
-1.72089746,1.662360249,1.45867968,-2.714804543,-1
2.680969417,-4.028406547,-4.279676558,3.162943885,-1
3.078315328,-0.998524036,3.369162194,3.381557019,-1
-4.163252947,-1.540167993,-4.229470704,4.86800322,-1
0.683131405,-2.94042897,-4.232207453,-3.080711028,1
-4.394620851,1.191511272,4.835261733,4.723374416,-1
-1.112588297,3.478912023,1.640580202,-0.120556249,-1
3.933669637,0.387262342,3.73553936,4.828455777,-1
-4.411867292,0.730679733,-2.513616135,-1.513810561,-1
-4.342808115,2.754386613,0.283310458,0.348807889,-1
-2.217438933,1.16431231,3.795947762,1.19739306,-1
2.819917517,-1.809570983,-3.458590049,0.110866674,-1
1.897472184,3.197343015,1.686621073,2.686869402,-1
-1.034265726,-0.255472259,4.849948294,-4.123445252,1
0.565140836,-2.647939056,-1.404804123,-1.620178544,-1
-1.545922916,2.611496587,1.891344085,-4.133537473,1
4.088781872,1.700571885,-4.099785783,-3.388913816,1
2.920120396,1.983078652,-3.241971548,-1.76324488,1
3.536602845,-3.982879425,-4.278465887,-4.11476924,1
3.231863859,-1.229764913,-2.084854425,-0.59529225,1
-3.718767026,3.518493674,-0.479844021,1.34923317,-1
4.588654606,-4.6569716,0.403665999,-4.072145695,1
1.635668837,-2.600766795,0.208719979,0.905484997,-1
-3.732426596,-3.833736558,0.444548306,2.88144695,-1
-1.627294544,-4.999937839,2.773825668,-1.45530839,-1
-3.069961479,-0.868594024,-1.748306674,0.06082162,-1
4.850038822,1.550570618,3.149801311,1.042855953,1
4.747264834,3.731907793,-4.670031109,3.044085789,1
-3.404082128,-0.896783056,4.239341884,0.52483582,-1
3.688527566,-1.96475642,-1.243074766,3.960756069,-1
-1.705474426,0.756149043,-1.308900578,-3.756517257,1
3.164674661,-4.655727558,3.54119709,-4.540906359,1
3.126218535,4.170272385,3.379106674,1.732796837,1
4.565105345,-3.412699626,-2.592657621,0.471391354,1
-3.968010054,0.581251889,-1.952339453,2.300919554,-1
1.161266883,0.088546103,-3.688606033,4.846252639,-1
-1.82158699,-4.049443424,4.432693065,-0.039178513,-1
3.844562451,-3.511636399,-0.546024441,-1.846766326,1
3.089214938,2.81839852,2.796330688,3.443973604,-1
4.663264382,-4.827202276,-2.730979223,-1.414736668,1
-4.964252999,3.268027942,0.009093835,3.47864003,-1
3.273566556,3.077704919,0.601903832,3.033003898,-1
-1.564830453,1.491254641,0.667882725,1.705945403,-1
0.390789306,4.140980258,-0.837753965,-4.330339347,1
-4.438636231,0.595341273,4.182555577,4.597191981,-1
0.31808038,2.084213371,-3.696450623,3.368466558,-1
-4.536709251,4.8406559,0.546939878,-4.613189712,1
-2.817309777,2.829996671,4.652653939,-1.452092647,-1
0.911460473,1.609780011,-4.010334647,-0.139788895,-1
-0.934787489,-0.196444727,4.533634107,-2.873566245,1
0.846212783,-3.561025873,-3.630283906,-2.017996434,-1
1.213261285,2.609734752,0.797310457,2.731922532,-1
1.630514674,3.795808991,-2.082144078,3.677767354,-1
0.85145712,-2.136746106,4.597711108,3.32640023,-1
0.228244733,-2.994311869,-1.625380686,-0.770256867,-1
-0.317841906,4.749896448,3.158476204,-4.265106363,1
-1.03418853,0.378804849,-1.367233032,-4.044199222,1
-4.661123528,-0.719107215,4.676246685,-2.977320327,-1
-0.694479943,-0.624577506,3.442379206,-0.694561801,-1
2.06161753,-2.534181981,-1.902066946,-2.112386604,1
0.7723063,2.836991755,-1.502209294,2.007397605,-1
1.149241094,-1.460557877,-3.419798031,0.065110118,-1
3.223400145,2.408095776,-1.526956321,-4.691295297,1
-0.205731632,2.04128883,-1.988673976,1.630444179,-1
-2.254189232,-0.326946622,-4.451940779,-1.672562571,-1
3.424499503,-2.329163939,0.256566516,1.777083011,-1
3.976926158,-2.39765509,1.180924837,-1.390546496,1
3.941532686,2.149385237,-2.094507015,-4.303529943,1
-0.258234661,-3.767032642,3.009106281,4.512971455,-1
4.91262066,-2.115066873,3.140217023,-3.163201521,1
-4.508978478,2.575466522,-3.289627361,0.723371538,-1
1.698354122,-1.442920195,-2.694598105,3.039692209,-1
4.548213167,-2.608416928,1.009452532,-2.87410118,1
0.007361652,-4.146105565,1.342692567,-4.855376026,1
3.184216462,2.272847312,2.172738958,-1.074573436,1
-2.373212215,-0.545913774,4.61098654,-3.428292685,-1
-0.135419279,1.346312362,-3.101545026,-2.822819492,1
2.628694167,-2.674086852,0.896258032,3.552918111,-1
-3.355126071,1.216005085,-1.207441783,1.977521618,-1
0.271087672,2.21872433,-2.695555458,0.81278526,-1
-3.911329564,0.662509658,1.954480711,-1.08593161,-1
-2.995111999,-0.544316955,-0.735453794,-4.403173982,-1
2.276756182,4.655724673,-2.500587899,3.563248974,-1
3.679555034,-4.370852429,-1.957905196,0.930270317,-1
0.760181798,-2.953330448,1.093439952,0.153462038,-1
-0.901597095,0.460598375,2.277556618,2.747302394,-1
-2.761927601,-4.867646629,-2.788156772,3.98581162,-1
-4.956443998,-1.162366987,3.894922486,-0.700843662,-1
4.253211102,-4.794206745,-2.540268529,4.443860345,-1
-0.058113743,-1.869247058,3.523975647,4.5530993,-1
1.165794798,-2.717236232,-3.748288138,-1.424102983,-1
1.244582832,2.886165564,-3.815750852,-2.648196701,1
-3.131184641,3.274824291,-2.729843603,-0.685773377,-1
-0.297542777,-0.736165088,2.249511985,1.879336536,-1
2.64989903,-1.750709994,-2.32406391,-1.43649213,1
2.045244023,4.152889733,2.84543786,0.92020165,1
-0.071685968,3.50158769,-2.278163183,3.725957262,-1
3.497692448,-2.65072622,-2.495939601,2.86824542,-1
0.448382082,3.928412522,0.231678276,-4.007135987,1
3.657123188,2.249606837,0.282760782,4.48577377,-1
0.322606788,-3.640847453,-1.715188883,4.302568344,-1
0.460450825,2.141086055,-2.202277533,3.70898015,-1
-0.925289089,-3.769908352,-1.942539257,-0.124370051,-1
0.339447435,0.551987281,1.77895544,4.573701262,-1
-3.414046363,-0.158735248,1.253602686,-1.678662607,-1
-4.003019816,-3.013019483,3.157801727,1.134314916,-1
-1.040257811,2.773638982,-1.421820493,2.706117548,-1
-3.897642612,-1.790721026,3.612576422,-2.504390605,-1
-2.995929753,-1.162017515,-3.795135942,4.46942998,-1
3.543923882,3.362292956,4.241203191,-3.395944714,1
2.078084843,-4.043272507,1.940789406,-4.434062769,1
-0.555199425,1.716510893,-0.367586539,4.714498729,-1
4.501736168,-4.495861899,3.533086034,1.655661072,-1
-0.794617056,-2.93132811,2.228135715,-1.655278276,-1
3.124610537,-4.014599935,-3.952419477,-3.188434717,1
3.874768301,3.572113574,-1.356131524,-2.099572474,1
1.937927477,3.301691224,-1.922781754,-3.229208924,1
0.303513264,-4.338537416,-0.493343593,1.711669111,-1
4.08934476,0.293301322,-4.838059068,3.177837574,-1
-4.288481933,-3.027478873,-2.130712546,4.13325693,-1
-3.227527527,-2.581323146,3.560039513,0.610308418,-1
2.981199331,-4.488390131,-1.737648816,1.282088088,-1
1.905012098,-3.707923682,1.732583397,-3.906862551,1
4.832754747,3.937619405,-1.183856044,2.869979782,1
-2.273755203,4.36046228,4.090632338,2.710673046,-1
4.750109092,-3.670488943,2.395635101,0.543675731,1
-4.979258431,-1.902068327,3.101335609,4.29489171,-1
0.726604158,2.145379302,-2.812197873,0.906543028,-1
-0.543256454,-0.552322514,-0.110663653,1.635111474,-1
-0.536130166,-2.161410018,-3.099064338,4.344511902,-1
-4.143024512,1.172078735,4.221468381,1.230640881,-1
1.712247087,4.2768871,1.573393675,-0.264396134,1
3.53909058,3.439579137,-2.857248901,-1.150630633,1
-1.908244561,4.865831196,4.897067412,0.792273035,-1
-4.222690144,-2.754803228,-1.391669601,1.575351524,-1
-2.126114294,4.827357197,2.532532868,3.010571082,-1
-4.956408327,2.642803921,3.978606819,-3.686390981,-1
1.960234304,-0.616706365,-0.197531873,3.114702079,-1
0.188595284,1.445388231,-3.572132775,-2.610821524,1
-1.176208734,-4.153072224,3.483122871,-1.810944092,-1
0.958663263,-3.924803242,-0.305415709,-0.523327716,-1
-2.747241153,-1.023844067,0.542598973,-0.922840543,-1
3.497616915,3.475136455,2.820987804,4.686921197,-1
-2.67061033,3.241296962,-2.622359434,2.293033149,-1
-0.494973902,-4.786553379,0.796018658,-4.737772986,1
-1.187122591,-1.442965534,2.591226621,1.72389484,-1
-1.694675122,-3.296999849,3.842670178,1.092895951,-1
2.406139296,2.984234628,-3.814828126,2.046523925,-1
4.88954828,4.36280684,2.976189899,3.797440513,-1
1.409618313,-0.817337917,1.724673746,-2.787829492,1
-1.064454399,-4.865690813,4.254557751,2.352996073,-1
4.913674329,-0.201735221,2.025034487,4.121202946,-1
1.431252209,-1.974461834,-4.905764908,-4.503426393,1
0.940198271,0.453126508,2.787821036,-3.320462208,1
0.101778336,-4.17162392,1.277453706,-2.119444398,-1
-1.232976913,2.109305398,0.856395152,-1.244493796,-1
-3.265460776,-1.289125648,-0.264875126,-0.110041696,-1
4.37278544,-3.442704191,1.19840705,-2.26292331,1
-0.590822775,-2.358936791,-4.339138188,0.326357432,-1
-3.425283446,-0.090599372,0.450548684,4.468032681,-1
-1.384189957,3.772152097,-0.674124816,-3.708883798,1
2.522643594,2.729961174,4.047209303,0.197156294,1
3.50201959,2.366412113,0.22158933,-3.470591608,1
-4.65052719,2.952807819,0.25343846,3.164381149,-1
1.613901191,3.39745233,-3.924497808,0.880374064,-1
1.328341986,1.047618857,1.649730968,3.239415949,-1
-2.481778842,-3.270703093,-2.754667072,-4.036762644,-1
1.653454613,4.069267541,-2.59017049,2.965447944,-1
-4.421044298,-1.110896243,2.769708259,0.058848887,-1
-3.91161901,-3.132329481,-4.992161455,4.017445878,-1
0.123649274,3.987595315,-4.514883169,1.396570646,-1
0.645675624,0.86255773,-1.32188964,4.187656611,-1
-3.63008359,-3.604309116,0.141609489,-1.371409242,-1
0.41617738,-0.413347546,4.134363824,-0.064905984,-1
-3.97658926,-1.675808465,0.674899099,-2.718771459,-1
3.271042107,-2.816168711,4.216718564,1.965298173,-1
-2.887309655,0.063415847,2.500630281,-3.651111183,-1
1.53719537,0.828476281,1.858686381,2.321118903,-1
-3.526976614,-3.85958453,3.522773634,-2.641100485,-1
0.261828086,-0.580543746,-2.652046442,-0.782651846,-1
-3.813569013,0.863364912,-2.404882652,2.698155009,-1
-2.82506851,0.753830193,4.87721469,2.43206158,-1
4.239289099,2.968286587,-1.627556554,-3.397889627,1
-1.851566624,2.310974091,3.990550293,2.435158679,-1
-3.550166069,-2.263214225,-1.124519418,3.177353317,-1
-2.863671014,-1.571998314,4.525737063,1.825269491,-1
-0.543330886,4.553060692,-1.766001993,-1.686118938,1
-0.756276113,-2.443906421,0.509916007,-4.580730454,1
-0.15439068,4.161588511,-1.283140408,-1.312008116,1
3.001218497,3.012194236,-2.243926609,0.431606271,1
4.494585078,1.66456841,-1.888498956,3.921863012,-1
-3.562278333,-1.267875167,3.388085267,-0.914905031,-1
4.094795049,3.579021055,-3.978134501,2.734437174,-1
-1.725844682,-3.356596942,1.14050116,-1.958852135,-1
2.176407658,-2.706452767,0.826799836,-3.4604243,1
1.559174107,2.9648714,-4.731492644,-1.298855628,1
-3.428705461,-0.968986749,4.390887145,2.399271149,-1
-3.386892269,-0.591315636,-3.56620032,-4.927479381,-1
-4.332741234,2.277702272,3.16076753,-0.67707047,-1
4.312697328,-2.428031027,-0.238772531,3.701347696,-1
-0.746124997,-1.449063786,2.470717184,-3.692739724,1
4.314950839,-2.078995204,-0.498924808,-1.49817273,1
4.478362683,-4.180493023,-2.477913265,-0.792412602,1
-2.91429221,-3.170461479,0.309601153,-4.73485031,-1
2.603078995,3.180460885,3.368819741,-3.891958216,1
-2.148203769,-3.431124485,4.159369473,-3.9740676,-1
-0.642596379,0.000450185,2.636561155,3.405927595,-1
3.870174715,4.689549179,-1.259840193,-4.233162671,1
4.402316096,1.104660277,4.365443661,-1.766753832,1
0.792913717,-4.873477998,3.577164325,-3.025019185,1
-0.008214829,1.927440251,-2.781467617,-0.664086461,-1
-1.81041893,-4.117801321,4.454709902,1.302711918,-1
-3.521101408,-1.199613514,0.196274028,0.434835152,-1
-3.605380724,1.685136399,-2.539597987,3.594981924,-1
-1.520142508,1.371273504,-3.14999137,-0.659373476,-1
-4.731093872,2.883968027,3.252420615,4.395928672,-1
4.140809512,-2.218234945,-4.162499241,3.679816506,-1
-3.983365166,2.193592057,4.513306991,-0.256998069,-1
-3.737739593,-3.871565426,3.414134332,-0.564753667,-1
2.349839009,-2.135261574,-0.577524879,-1.403406937,1
0.51339237,-2.296114716,-0.094514074,-0.492118238,-1
0.135719428,2.553032814,-0.557720964,-2.703959315,1
-3.578237433,2.799829159,-4.274969674,1.149943114,-1
-0.29528726,0.831435619,1.932116322,-1.972298195,1
-1.123636717,1.959785401,0.766645302,-3.915029272,1
-0.705395612,4.26237611,4.903955294,4.969681581,-1
3.202618273,4.440485236,-3.117103955,3.570561425,-1
4.145848531,4.473579243,-0.158222213,-2.552981635,1
-2.259191755,-3.236276377,-2.156779346,-0.867391632,-1
3.453168101,-1.782648964,-1.267625901,-2.360755463,1
-0.267888743,-1.29711146,4.962764201,-2.603085091,1
3.434192425,-0.145252875,-4.029917169,-4.895229904,1
-1.632387283,-4.287314226,-0.087833381,1.701059698,-1
0.007296062,3.510146068,2.167988876,-1.323550945,1
0.721567324,3.00417498,-3.146030469,0.620883396,-1
2.373479964,-0.099387403,-0.597704179,-3.746851397,1
-1.992265775,-3.7060573,0.662649929,-0.710759194,-1
-1.984801434,-0.967741096,3.115987487,2.75840631,-1
3.54568106,2.988631835,-4.781889839,-4.068612791,1
-3.268657411,1.158390545,3.230342166,-2.882175088,-1
4.639836178,4.836584007,-4.138791686,1.964881287,1
1.392492124,-2.037620075,2.964666306,3.13682904,-1
-0.37550736,0.840899422,-1.806654764,-0.121590961,-1
3.930118681,0.978395692,-3.040904048,1.678653713,1
3.341756522,-2.841383676,3.115815017,1.315285686,-1
-2.001577035,-0.502930026,-1.595860232,4.419216705,-1
1.267720371,-3.048980032,1.971193286,2.603671604,-1
-1.943400375,1.237139909,-3.891241284,4.573428487,-1
4.723323158,1.535123906,3.934382799,3.919557603,-1
4.108073999,3.301630678,-0.434790919,2.626670184,1
-4.920715165,1.711905461,0.054618406,1.919123146,-1
1.852920234,-0.202400058,1.208808907,-0.920550071,1
1.099367118,3.857266205,-1.925079175,-0.782816497,1
3.214384311,-4.459106358,-0.901199128,-4.01240525,1
0.080170222,-0.557081355,-1.704686585,-2.994167716,1
0.231697606,-0.3309625,0.776597948,0.198397626,-1
-4.773296139,0.362518035,-1.238394079,-4.302931018,-1
0.981321993,1.666843252,1.936780327,-1.792330812,1
4.928336013,-1.788954234,1.446659438,0.929346524,1
-2.847899534,-2.627125273,-3.196469386,-0.621452229,-1
0.427150602,-0.141405038,-1.393505193,3.17083692,-1
-1.473013773,0.778928612,3.267820712,-4.144523421,1
3.546354588,-3.471445236,-3.803267107,-0.50793492,1
-3.076012122,-2.519017454,1.447580892,0.969915359,-1
-4.591905314,-2.711974365,4.599308638,-2.727711672,-1
1.916740611,1.78192579,-3.565844395,-4.918456447,1
-3.182489729,2.349717463,0.273655127,3.515519674,-1
3.835021205,-3.800093704,-3.03937226,0.504259616,-1
-0.092480885,-1.653812303,1.209001499,-3.794470892,1
2.722528839,-1.030672901,-1.938456426,-3.827155835,1
0.901795334,-1.858572368,1.38843992,-3.555686089,1
-2.998736301,-0.375300889,-4.98864165,-3.082722552,-1
-3.819227798,-0.865617264,-3.561345298,-2.412289179,-1
-1.821938615,-1.72267487,-1.966844982,0.060204727,-1
4.062724639,-3.588622397,-1.685043829,-4.971753712,1
-2.192173796,-4.650587221,-2.625091912,1.4209282,-1
1.832523355,-1.090030365,-1.004583181,2.247266702,-1
-2.851634908,3.730353582,4.123404921,1.270955781,-1
-0.210909676,-2.402332384,0.003481774,-3.517874738,1
-3.260473277,3.215357912,-4.945243092,-4.663090267,1
-4.59728546,2.754709118,-3.993463081,1.538592013,-1
1.337568885,3.318422298,-4.7187922,-2.705169481,1
-3.239600231,-1.729540563,-2.767258338,4.392865209,-1
2.413266974,0.304592096,1.759835303,-2.292522279,1
2.363521384,-2.890784093,-0.138374373,4.466019426,-1
3.4918106,-0.776537904,-3.636258452,1.603765238,-1
1.645821699,2.071940684,-2.719684581,-2.225443552,1
1.525597678,-3.085364429,4.073116035,-3.984902089,1
2.532436956,3.580067504,0.091008207,3.093201225,-1
2.525697828,3.962221182,-0.436522312,-0.728304926,1
-4.685785026,-2.839967202,-1.710751173,-4.667629386,-1
4.099966719,4.172446702,1.937840814,-0.281905124,1
2.943827523,-4.165012738,-0.48773908,-4.486106704,1
-0.230255831,-0.649859333,4.47741105,-3.006431688,1
-2.968481124,0.670565476,4.45801954,-1.244639018,-1
3.462038671,3.477664218,0.066903985,3.131528229,-1
-1.889024285,2.766010368,2.864622426,-3.444569428,1
2.399497404,-4.493684637,-1.273385838,0.045655427,-1
-2.396890442,2.946320048,0.285999374,1.206378893,-1
-2.937229078,-1.096997294,4.237283198,0.236608783,-1
-1.583211218,-1.121736103,-2.971847799,3.210912562,-1
-4.218614571,-1.433545622,-0.3861183,4.844074577,-1
4.673680588,-4.962533418,-0.791984938,-2.666974275,1
0.490420314,-1.376711516,-0.27255812,-1.777426417,-1
1.181055816,-0.500150654,1.160785776,-4.508556447,1
4.986053504,-3.069557778,-1.683808104,4.968501876,-1
1.147004103,-1.554571555,2.071458867,-0.892889065,-1
4.460843119,4.839357588,-2.556810368,2.46520432,1
-1.264979926,-1.863013491,-4.686660485,-4.958262134,1
3.102090401,2.962873232,3.801779386,-4.531955079,1
-4.353264969,-1.214126632,-3.855656498,0.978362616,-1
-0.734345096,4.370631789,0.885089171,4.603254136,-1
4.124074278,1.217436798,2.008978428,2.950146842,-1
3.809072211,3.123672147,1.003309769,-1.593249163,1
4.27857998,4.102128555,-0.9913686,-1.548092695,1
-3.480041374,1.417103723,4.68215223,1.439372011,-1
-1.105829235,1.180107635,3.955874449,-3.349009624,1
3.042405841,2.442871051,1.698856539,-1.809070072,1
-2.648374381,-4.715910941,-4.141862735,1.537087595,-1
3.104785873,-2.849103858,0.789923004,-0.543561464,1
1.725776619,4.359639267,-4.227152286,-4.196129025,1
1.619496287,3.161571618,-4.206263686,4.180849053,-1
-1.568032136,2.642486736,1.080167829,-0.841982767,-1
-3.610917016,2.675428557,3.713734996,0.966600365,-1
-2.307128416,0.09139232,3.019465644,0.271482004,-1
2.291311426,3.307887957,2.842637184,2.738507837,-1
4.328848636,4.727252512,1.200194266,1.462755051,1
4.887190217,-2.992192062,-3.239715084,-1.267042996,1
-4.017736001,4.478727833,-1.226524377,-0.999712788,-1
-1.856711938,3.705143681,2.367600141,-2.232177052,-1
-2.125341829,0.922431559,4.181637433,-1.232792856,-1
-4.404223286,-2.953490554,1.611223107,-2.57164397,-1
4.203475102,1.560939701,0.726198645,4.296294391,-1
-4.174956172,-4.69970101,-0.531631308,2.804386497,-1
-4.763871725,-0.336971225,-1.07999657,4.454969806,-1
3.357949289,3.42921317,-3.471375624,-0.449831127,1
-0.5958795,-2.924292015,0.349642424,4.88597473,-1
-1.755386538,1.964195415,-0.882070595,-3.761068414,1
0.731382957,1.409097653,1.932582957,0.321419223,-1
3.691250192,4.719332968,4.100051265,4.173498217,-1
2.971514162,3.113218163,-0.157739577,3.562412954,-1
-1.856078635,3.290196455,-4.5277554,0.393896257,-1
3.742320161,-2.224139023,0.178796448,-3.13662133,1
-2.134594936,4.103741686,-0.506373402,-4.903068011,1
-1.177278038,4.190390829,-1.968853501,-0.96262941,-1
-3.686978449,-2.408134844,-4.825459259,1.430332324,-1
-1.074431819,-1.597440984,4.67648515,3.766450094,-1
0.986327873,-3.274116628,2.510042216,4.909426523,-1
1.814318124,-1.636381413,2.06375003,1.624230808,-1
-3.860034579,1.722258448,-3.933513723,-2.787253475,-1
-0.353933808,3.048827954,-4.598784143,2.631443058,-1
0.851957185,-0.860061113,-2.893291202,-3.370687581,1
1.825649588,-4.601471868,1.355773427,-0.051208845,-1
-1.139258884,3.566084638,-4.676487897,-1.94175599,1
2.223446191,-1.952482204,4.698687276,3.245725349,-1
1.562571453,-3.6961465,-3.952990881,4.805785985,-1
-4.994133689,-3.353685712,4.525052793,-2.293126124,-1
-2.816116132,4.341278487,-3.322776152,2.143373762,-1
-0.779610244,-0.647481171,-4.482584378,-4.012316502,1
-1.591326712,4.91594282,1.406587514,-3.378853082,1
4.898447399,-3.816038186,0.145713323,4.028528707,-1
-4.503286022,-3.187054824,1.992444866,-1.486416824,-1
4.187483351,-4.163884653,-4.42509527,-4.688899462,1
3.551178477,1.672389766,2.409641524,-0.836763198,1
-4.379164898,4.434831121,-4.634426298,1.161823563,-1
-4.129745676,-3.98821299,2.01877453,3.273277792,-1
0.107207494,-1.877073215,-0.066667357,-2.657370735,1
-1.171775171,1.338982246,-4.050266224,0.586359183,-1
3.54314541,0.364583385,-1.672024032,-4.003628177,1
-0.423886522,-2.742670276,-3.693252835,-3.679899686,1
4.269218114,-0.610123225,-4.380946699,4.189915142,-1
0.464512606,-0.731437672,-3.202490958,2.021028158,-1
-4.443749565,-2.985803748,3.093153094,3.449405104,-1
-0.882242562,4.685591407,-3.728506015,-4.610883555,1
-1.428528776,3.36159039,3.690917066,4.579935606,-1
-4.891009824,-3.322262295,0.558368433,-3.635594312,-1
2.605664244,2.545237743,-4.523340721,2.471813184,-1
1.205239716,-2.238154208,0.171867064,-4.145543593,1
-1.252144194,1.636902712,-4.456151233,0.708027526,-1
3.55871311,4.517662637,4.3091626,4.593012778,-1
-0.636792422,-4.242225994,2.371931017,-1.5251366,-1
-2.731336321,3.587597511,-3.489632346,-1.545519077,-1
2.311174372,2.357810395,4.165056053,-1.035474298,1
-2.041749204,-3.492205419,-1.9164856,4.78899664,-1
-2.182093877,-4.390995434,1.376670736,3.793873829,-1
3.331806411,3.014815809,1.223163564,1.018481297,1
2.97646809,-1.350931049,3.136462871,-4.184258923,1
-0.574703521,0.693277571,2.194073278,3.486818977,-1
0.631917959,4.830593843,-1.417788861,-0.865980448,1
-2.143382526,3.134867668,-1.566518385,-3.259469026,1
-2.000180306,0.306407334,-2.942696551,4.860328798,-1
-2.322030267,-3.238029409,4.116344876,-4.772526143,-1
-3.32447228,1.731448434,3.293132821,-3.362911167,-1
-3.576525882,2.870636186,1.083779356,-4.750548543,1
2.662518452,-1.907761597,-0.754118448,-3.757218729,1
-1.242380732,-4.225720039,3.23561065,0.943276861,-1
-1.041231436,2.879724681,0.173787941,3.259837377,-1
-2.755519237,0.446791119,-1.939475629,-0.320797633,-1
-4.402703873,-2.691942427,-4.859990802,1.929573377,-1
4.754184525,-4.044881317,0.643569355,-2.39695584,1
-0.59341403,4.375596722,0.029302702,4.089146614,-1
-4.851463084,-2.169703398,4.818815138,-2.444756223,-1
-3.19556389,-4.10136677,2.176560207,4.225621458,-1
1.735436269,-1.73550032,3.279012909,-4.830831565,1
3.371463909,1.823473699,-1.174912193,1.090917024,1
-3.443377025,-2.10659065,4.019600512,1.366424177,-1
3.599277367,0.938840438,0.433396407,3.209201699,-1
-2.652077384,4.894644471,0.044502241,4.344308754,-1
1.564115442,-0.918747147,4.092640632,-2.883942863,1
2.337310414,2.259187921,2.493868545,-2.72913046,1
2.380439084,-3.988386521,0.211360452,-4.347086694,1
3.286338608,-2.143197356,-2.787508831,4.117479592,-1
1.451754712,-4.521488644,4.018201887,-1.924409124,-1
1.073806398,4.846234515,3.25829346,-0.881803851,1
0.317914801,4.994206735,-4.17720695,-0.422826449,1
-3.626810285,-0.62174211,4.890572743,-0.989216732,-1
-1.492664617,0.264137889,-3.541246287,4.874706418,-1
2.024564879,0.820204836,-2.15833221,4.669825717,-1
-3.700232638,1.037641826,2.703994842,1.842021788,-1
-4.681387394,2.688056294,-0.997029997,-4.170167783,-1
0.615396462,1.624115893,3.432179111,3.790549812,-1
1.612107844,-1.933573547,-1.485860255,3.147990604,-1
1.446979986,2.444866194,-0.817160311,-4.208267919,1
0.055805035,-1.41733554,1.905002804,2.43838994,-1
-0.749491429,-2.568901888,-0.20506126,2.57935629,-1
-2.925423323,-1.646083507,0.184697496,4.069900143,-1
-0.144382459,0.777415768,4.451116189,2.453644475,-1
-4.787063965,-4.04437048,4.706401411,4.843936276,-1
4.701051087,3.005800379,0.976925722,1.481845323,1
1.167688046,-3.762329242,2.050775165,3.680193472,-1
-0.315325751,-1.639914672,2.03344481,4.709177655,-1
-0.457785719,1.860626445,0.09788967,2.747170505,-1
2.142767874,-3.002173659,-0.692766445,0.664070259,-1
-0.709832354,-1.236669317,-0.039495009,-4.453052861,1
3.7677702,-4.867954693,0.635322205,2.881411104,-1
4.156584701,4.041931411,0.069135284,-1.820442492,1
-1.155192041,1.372546892,-0.99415605,-0.948899906,-1
4.600556593,2.855509316,4.982852966,-2.314512063,1
1.644621391,4.948486219,4.025563338,3.267513416,-1
0.448212296,4.684227059,1.452891662,-3.992533278,1
-2.304302677,-3.07163029,3.727280744,-1.497029617,-1
1.646482416,1.762038188,-0.477043886,3.545701205,-1
0.309449409,1.927799814,1.358335553,2.36405057,-1
-0.665187189,-1.036444592,0.04563293,4.354945296,-1
3.411941508,-2.727600201,-4.147762941,4.281161827,-1
3.297764379,0.953156278,-4.622718031,1.458755519,-1
3.944754724,-3.424881179,-0.588086817,-2.031786341,1
0.114349015,-1.93185891,-1.576818988,-3.180365579,1
2.061341348,-2.444845344,-2.306409199,-2.779342497,1
-1.626881086,0.086852197,-2.700271154,-4.024882884,1
1.398540061,-3.004487891,-3.78825846,2.253821651,-1
1.16245099,-2.493345095,4.260696314,0.435988941,-1
0.538784468,-2.87747552,-0.712912977,4.949386327,-1
-3.52029465,-3.511701213,0.092335525,-3.330680245,-1
2.037705566,-1.570207274,4.256586548,0.593674839,-1
-0.185520176,4.96852867,4.794083162,-1.044023593,1
3.697305218,1.645107078,2.116495052,-4.813933986,1
0.177594753,-3.778794157,4.445755742,-3.545422126,1
-4.001182417,-4.234031343,-0.086110248,-3.975162535,-1
-3.390924567,-4.669024028,0.451098786,-2.228405059,-1
-3.685193451,-2.413111501,-2.26564986,0.892648655,-1
-1.003499506,-4.999407494,3.455811007,-1.164034514,-1
3.2092621,-1.322971669,-4.599865884,2.14501019,-1
1.223263879,-1.154776552,0.052107053,2.15043957,-1
-4.603596905,4.649750766,-3.283079142,-2.482895242,-1
2.027257227,-1.845566006,-0.748700634,-1.083458747,1
-3.735553898,-0.370324019,4.269268281,-1.091293944,-1
-1.796279051,-0.536358713,4.982969035,0.337965468,-1
-0.297092961,-0.99944925,0.725267238,-1.288596651,-1
-4.910819627,-2.950740233,-0.630236676,-0.024197564,-1
0.611065388,3.920093872,-2.728420088,-4.531818184,1
-2.185452024,-0.264397617,2.955410641,0.439736184,-1
3.862056694,-2.592710949,-0.943260431,2.058622232,-1
0.917917303,4.696808072,1.269513459,-4.60634107,1
-4.338286803,-0.24034558,-0.268002862,-1.662971093,-1
-3.581203135,4.392830495,-4.724376332,-2.332608778,-1
-1.328306966,0.750061095,0.639358023,-0.299941265,-1
2.386920687,2.102861389,4.179885719,1.498097133,-1
-2.383825431,4.798522779,-3.247806053,4.873602634,-1
-2.436269114,0.525364848,1.910857078,1.987410049,-1
2.338729921,-3.029884878,-2.852546825,0.774894501,-1
-3.199559286,3.628097269,3.327195657,4.325178187,-1
0.304714183,0.013823577,4.037206627,-1.998870675,1
-1.622127955,0.540050946,-1.718474174,-1.288276399,-1
4.662490238,3.762434315,4.5328451,-0.895868118,1
1.21560856,-3.262660057,-0.727611195,-2.413446668,1
-2.271962157,3.864330539,4.322268035,2.937715225,-1
-1.980177074,1.267266152,-0.226368938,-0.760701555,-1
0.806027009,-1.771677707,-4.605721761,-2.242218573,1
3.828247999,-4.159728805,-1.722896528,-2.981554837,1
-3.804712408,0.124716422,0.55466828,-4.416516707,-1
-0.501383879,-0.794499248,-1.785200693,3.315535487,-1
-0.001104603,-0.583804284,3.861015877,1.818863746,-1
1.813153257,4.805386386,4.563546135,-0.274678532,1
-1.203446261,-1.363027458,2.213392007,-2.53121866,-1
2.395826423,3.102748519,3.521372762,3.76113629,-1
1.910542898,-1.2153949,2.29550074,0.517157967,-1
2.49092472,-0.527944184,-3.162719952,3.59489635,-1
4.458550883,2.840148925,0.128576574,-3.044543901,1
0.845431264,4.523991919,-2.828005241,3.256780591,-1
2.101693841,2.614391468,3.842135906,2.458710806,-1
-4.249422466,3.032716966,-2.25329342,0.461128105,-1
3.925757071,4.167645863,-1.591059565,-1.608572393,1
-2.69483859,0.09615066,-2.384758332,-3.431988818,-1
-0.711712707,-1.021454885,-0.872449344,2.546046402,-1
-0.886528848,4.62845723,3.337844815,-4.338514952,1
1.946641667,3.135982286,2.626975179,-1.494330206,1
-1.934979066,-1.559541428,-2.374461152,-4.15436619,1
0.368861048,4.968221663,-2.391833785,2.327766869,-1
-1.453803497,2.987627277,4.674629537,-1.449881229,-1
0.503591894,4.979959881,3.278142332,-3.596053778,1
4.089353818,0.884148874,3.186093307,-2.495245433,1
4.116427633,-4.723715936,0.432317061,2.362699412,-1
-3.792007008,0.440500102,-2.692895918,0.450673262,-1
-4.065788105,-3.750956481,-0.972889772,-0.821794306,-1
1.964833397,4.978234138,-2.906860041,2.492381327,-1
-2.273784221,1.453960568,-4.945691932,1.389012523,-1
-4.100994952,-4.099512318,-4.441097367,-3.453303458,-1
-4.773898689,1.32037336,2.083050218,1.489561612,-1
4.744398089,-0.730868237,-0.710733671,4.222216657,-1
-2.825116035,-4.160206289,-0.763451786,2.527947806,-1
1.853093266,3.604310193,1.365972062,-1.136168383,1
0.09922179,-0.59120011,4.555129856,0.559141863,-1
3.162258711,-3.215950787,3.948567836,-1.535117923,1
4.390198902,1.639008316,-1.547017382,-2.918635893,1
2.181102943,-4.696223256,1.16469403,3.712607595,-1
-4.206801356,-4.774645177,-2.908297165,-1.857485937,-1
-4.522043662,0.427432018,-0.638503242,-2.427227042,-1
4.850214514,-0.976649985,-4.923712203,4.909867027,-1
-0.171516126,4.749965975,-0.277811143,3.058292056,-1
-4.286307197,-1.312528912,-2.021182221,2.897439922,-1
4.68191472,-1.118756594,-3.329554741,-2.480775531,1
-1.277515302,-2.570776894,-3.516952695,-4.828799363,1
-0.780186133,-0.150314545,-3.95591868,-1.8052733,-1
1.334746739,2.117784095,1.327702433,-3.66862214,1
1.660561394,-1.182321765,-1.261303967,-2.208509663,1
1.924363089,2.068255533,0.04544834,-4.538829101,1
-1.313645553,4.654107475,4.737408943,-4.49975707,1
2.614370837,2.467970758,-4.732824761,-0.196639857,1
-3.704242521,2.709179094,-2.383784665,-3.662959124,-1
-2.565394793,3.398087053,-2.932270053,4.888700207,-1
-3.289507067,-0.122474374,-2.953416984,3.621435652,-1
4.425436196,4.276231477,4.190452226,-1.815434698,1
3.476388972,-0.200335049,4.105842978,1.6328116,-1
0.578700349,-3.62564119,-1.05331407,-0.398481834,-1
4.198599724,-2.046609252,-4.705383649,-0.723715525,1
0.718227623,-3.14882057,-3.256770803,0.733150585,-1
-1.456306624,4.776757332,2.010951229,1.792561533,-1
-4.841465405,0.694896528,2.590653086,-0.489475304,-1
-0.487102044,4.55818108,-4.448950967,1.360739932,-1
3.584483279,-4.101105138,-0.060782472,-2.712339282,1
-0.656645741,-4.220360386,-2.080868158,2.247439858,-1
-3.910535949,4.128049183,-3.960016438,1.774627887,-1
-3.296965758,-1.345382751,2.872589094,-3.977293971,-1
-1.575261414,2.66541033,-2.505479009,2.576004632,-1
2.952518533,4.725892482,1.869305217,0.601126398,1
1.949276153,0.332270423,4.199069951,1.106589085,-1
2.149524405,0.448070161,2.705597448,3.489680556,-1
-0.822815163,-0.21579163,-0.010154982,-3.942233869,1
0.945512446,-3.848376328,-2.428874622,3.501886715,-1
-1.820783216,3.445981397,3.347814433,2.706237399,-1
0.764761828,-3.210008244,3.923787457,-0.173406943,-1
-4.257873665,-0.558192538,-4.120913126,2.017149959,-1
1.80371288,4.232178425,-0.214401682,-3.148301308,1
1.516298228,-4.624667285,2.412750177,2.47179479,-1
0.176822641,-3.157826705,-4.195520821,-2.494503793,-1
4.983152023,-4.611499017,-1.927110695,2.631652035,-1
0.791342133,-3.472803813,-4.153183729,4.55314423,-1
-1.053225252,-1.228693099,-0.342449675,-4.220732335,1
4.438639019,-2.459801287,-4.883442682,0.852930868,1
1.24974226,-2.05855541,-2.682721458,-0.769626802,-1
-3.900274106,-1.372726273,2.232386767,0.767528459,-1
-0.109344604,3.302407328,-0.965457402,3.944358291,-1
0.165125484,-4.182475082,-1.100288029,0.828480272,-1
2.089968709,-2.906503123,-4.045202258,-3.040002262,1
-3.819758184,4.816933994,1.289746868,-0.093837657,-1
2.502173645,0.790379085,1.823695867,-1.87079991,1
0.475241099,3.705526096,2.946290203,4.806567036,-1
2.43466978,-4.758712424,1.708645617,-3.178892261,1
2.576941501,4.401606163,1.264101191,-2.309109607,1
-1.209426673,-0.792966715,-1.136745342,-2.571893932,-1
-2.008423419,1.588029297,0.253070746,1.214213784,-1
-2.850204565,-4.617655658,2.109782924,2.66173579,-1
3.82857902,-2.679848503,-0.871297538,2.71432508,-1
-3.646255134,0.310539638,-1.169985626,-0.74958514,-1
3.732545012,-2.544586409,3.784789261,2.824412977,-1
-3.48942319,2.730285727,4.208926352,3.033916265,-1
-3.508335861,0.963004844,-2.152189924,-4.445122615,-1
-0.729491059,-3.465190272,3.153312076,2.587938184,-1
-3.862121317,2.357201227,-1.880045767,-3.123406706,-1
-2.989470195,4.76917103,0.703575678,-3.20103142,1
1.063438265,0.204033569,1.704229132,2.735128315,-1
-3.49478028,-3.401407345,2.968325516,-4.388087154,-1
3.028866413,2.777164451,2.389793496,-4.264534737,1
-4.801926268,-2.715246212,4.492071832,-2.978135593,-1
-2.540533684,1.885281989,-1.117378187,-0.709716892,-1
1.659900892,0.547532205,0.668564635,0.727134634,-1
-0.089956541,1.551489352,-0.444615732,-4.079323395,1
-2.931161796,2.906019361,-0.077656376,1.638176032,-1
2.180841225,-3.54127881,0.591477951,0.103242311,-1
-1.380215332,0.453300664,-0.525031998,-3.286952197,1
-4.580794962,-4.005293675,1.267390097,2.408332654,-1
-2.837844306,-2.90242859,0.864699519,-2.511429668,-1
-2.256218164,-1.007209566,3.047843314,2.886332236,-1
1.11005817,-1.759621493,-2.184399568,0.964665649,-1
2.352000685,-2.356451408,-0.687669805,-4.91357209,1
4.95007277,4.750475868,-1.294191333,1.041035422,1
-4.886739522,-1.094160547,-4.187907464,1.949592663,-1
3.829390965,0.95912935,2.973263139,1.402033768,1
-3.809796105,-4.123737699,-4.809363974,-4.951665115,-1
2.805679775,3.460385574,-3.487158214,-1.457668945,1
-3.3757668,3.492101383,0.205682604,0.320100063,-1
-2.265637524,4.972817026,-3.110785,-1.775420359,-1
-3.058819003,-2.542294155,-3.536194427,4.376596353,-1
2.520641315,3.16228509,3.046862607,2.101090685,-1
3.074970477,1.251618352,3.331410362,2.326456991,-1
-3.346658621,-4.534682101,4.733044996,4.272536626,-1
-4.276727382,-1.283641556,-3.436935203,-2.922006611,-1
4.567139333,3.120345639,1.047381767,-4.480752315,1
-4.406500866,-3.224155623,-4.321868421,1.71E+00,-1
-0.926888768,-2.002311374,-0.072925436,-2.439728177,-1
4.153869786,-4.935180632,-4.044074973,-0.179729934,1
3.113690777,4.189267744,-1.536628066,3.155358753,-1
-1.918492992,4.615101566,-1.364843447,0.168997161,-1
2.037404331,-2.382095052,-1.530514152,-2.734814329,1
-3.439458881,-3.582293891,2.827097108,-3.434247312,-1
0.324276114,-4.252686869,0.47066218,-0.812496178,-1
4.679672084,3.794533235,-3.407126194,-0.783243248,1
2.475630383,0.212347094,-4.534429639,-0.956191092,1
-4.274275486,1.932449529,-1.381806273,2.189573222,-1
-2.896866341,-2.937078456,4.708592451,0.939842877,-1
-3.81868755,-2.745933396,2.190853889,-3.700541738,-1
-4.009310711,-1.013488238,3.038291127,0.489735581,-1
4.571014271,0.695622344,-3.51551954,-0.963672801,1
-1.735786637,-4.614986664,1.494968716,1.393380801,-1
-4.871937568,3.115412042,4.214493369,4.99426443,-1
1.680531638,-3.208213272,2.253525044,0.658883816,-1
1.240056939,-4.870918355,0.14773093,-3.952299527,1
4.087661129,-1.243951066,-2.82047247,0.975513032,1
1.911786726,2.041251835,4.857978455,2.431703367,-1
-2.415618179,4.948448825,-1.281533163,2.245999888,-1
-0.659227223,2.556288145,4.098889639,-4.767811064,1
-1.272649572,2.185324543,-3.68284662,1.338372386,-1
-4.80113259,-0.08256092,-0.816489503,-3.164622027,-1
1.699777736,1.434010693,-1.425907102,-4.292564372,1
-2.751085476,4.588156548,0.311395591,0.77453951,-1
2.3813576,-2.319080487,2.033675204,4.487582219,-1
-1.6234497,3.046537511,-2.297158365,-4.790072992,1
3.694629494,-0.527022802,4.160906482,-0.524081375,1
0.244799629,-1.666080835,1.164776848,-2.971875009,1
3.367117367,0.437309847,-1.219524272,-0.904501334,1
-4.755514095,-3.028908398,4.333224371,4.38309539,-1
-0.145699286,0.938550726,3.215318275,-2.054850602,1
-3.608259266,4.459253164,0.429991826,-4.628698271,1
-3.367213785,2.805733771,-0.158047831,-1.222505936,-1
-1.767498437,-1.900357721,1.452981106,1.958983525,-1
3.570927093,1.275542945,2.058263537,2.345059776,-1
-2.105141937,4.091522435,1.92475658,4.228637474,-1
-2.85778159,-4.835826441,2.679129966,2.4554194,-1
-4.506455974,1.271307135,-0.411101267,-1.472149064,-1
-4.212676909,-3.272445947,-4.854084013,-0.168032762,-1
-1.654218955,-2.88441135,-3.897520116,0.352246191,-1
2.313203153,2.121717011,0.66821544,-0.724409403,1
3.184910212,-3.59191018,-2.95915636,2.071365236,-1
4.740077608,-1.570661507,-2.980733044,-4.807185313,1
0.543745689,2.432465033,-1.741079135,-3.451523472,1
4.34309946,-0.693978384,0.944952489,0.38821206,1
3.020396594,-3.5958403,-1.198001789,-0.997687389,1
3.105717914,-3.068996951,1.090373591,-1.872430501,1
0.222722562,-2.37762384,0.969927178,0.203105213,-1
-4.799920166,-1.189776227,-3.783440838,2.863575337,-1
-2.048086408,-1.787766324,-2.597642994,-0.768436058,-1
1.308321895,-0.394257481,0.58054772,-2.604765058,1
0.45146484,1.677224078,0.427703168,3.577390856,-1
-4.847017273,-2.565325543,1.594660351,1.177457086,-1
-3.800117996,-4.77749865,-4.335128641,1.632003349,-1
0.127367014,2.680916978,1.232709514,0.976470649,-1
-4.503139405,-1.565190177,-3.138705422,0.177080447,-1
-3.80234804,-0.056718474,-0.586737597,1.160879449,-1
0.735495532,-0.664138484,-0.517228975,4.62580684,-1
-3.73608285,-4.977452199,4.106069373,2.797321177,-1
-1.447509873,2.535910271,3.955893436,4.971932438,-1
1.830344904,3.06319633,0.03636993,-3.698375931,1
-2.560384523,4.988467405,-3.617615066,-3.911114406,1
-0.605779625,-3.969575118,4.550133813,-2.87089256,-1
1.477224887,-2.854784492,-1.373224316,-3.183552731,1
2.934621273,-1.846371386,4.189833835,-2.319089133,1
-4.07748972,-2.372618547,-1.503177413,0.045061938,-1
0.478651846,2.709728097,-4.919837171,-2.956059668,1
1.370660223,2.025667784,-4.461423303,-2.300315463,1
-0.271918432,-3.812647879,0.694591111,-0.933957781,-1
-1.385569758,-3.699012401,-2.356175275,2.925686187,-1
4.380774195,-3.604837084,-0.390042593,3.52587718,-1
-1.237305717,-2.661002947,-3.984227265,-4.16430585,1
-1.72397654,0.541390854,4.738134289,-3.326227833,1
-1.413135547,-0.72819059,3.821195368,2.037634654,-1
-2.140537376,4.612033446,2.764174085,3.978887205,-1
4.208857192,-3.996603832,2.331732162,1.763301814,-1
1.596071063,0.26593522,4.007154312,4.346241212,-1
-1.354511923,-1.620579397,4.204643237,2.108435409,-1
-2.614478989,3.615333545,-0.823535013,-3.01061176,-1
4.007717498,4.857670605,-2.308713023,-1.83543632,1
-2.21183955,-4.049722911,-2.432805978,1.978812671,-1
2.403172774,0.46413765,0.420477492,1.016235474,-1
-3.853119991,2.339269476,3.046830023,0.809807894,-1
2.471835933,-1.036442096,-0.561047268,1.825992553,-1
4.072874102,-0.150005113,1.263041292,2.150743633,-1
3.461364924,1.829904826,2.236942801,1.718295631,-1
-1.501075674,0.678330227,1.417513659,0.246480585,-1
1.050837599,0.72987311,-2.217519831,0.946135663,-1
-0.660273927,-1.23927186,-1.817385547,-3.062055591,1
3.335314225,-3.969330941,4.204544357,-3.697826105,1
2.612919895,-2.195948249,-3.340514977,-4.507483992,1
-2.139466349,1.793062093,-2.907544198,-2.310138058,-1
0.139399905,-0.494508235,4.304096292,1.923442145,-1
-3.806927033,-2.222592752,3.529917203,4.912463432,-1
2.106679209,0.401522489,0.559808539,1.905978212,-1
-3.93553664,-3.500486335,-0.126818826,-2.736572091,-1
-0.764333932,3.755646294,-3.233962143,2.261531041,-1
1.097364502,-1.305813519,-3.816209558,-0.193506476,-1
1.393590721,-1.55901596,-3.386947121,-4.760509988,1
-4.482096152,0.556808911,-3.564350546,-0.791973105,-1
-4.869714966,-1.476494624,-3.344886657,4.201310576,-1
3.402653107,-1.875861534,3.322894356,2.457896527,-1
-1.95022848,-4.818041808,-4.151639275,-4.429915316,-1
-1.315869941,3.06158777,-1.095788839,-2.388898794,1
-1.195822113,3.754539169,0.270047084,-4.394198947,1
-1.36961875,-1.209215341,-0.173750492,3.615497872,-1
-1.783706287,3.089797101,-3.915591539,0.203468534,-1
-4.024654979,0.578602668,-3.054344501,4.164585424,-1
-4.85790036,-0.822519296,-4.66092352,-3.974701987,-1
3.609854565,-4.93383375,-0.792470615,2.624318722,-1
2.223534615,2.732436701,0.962372912,2.269840105,-1
-2.076881497,4.382639129,-3.754498335,-3.732177314,1
-4.990112664,-2.01772943,4.067980954,4.452179139,-1
0.625760894,1.919049706,-0.33622632,-0.742616174,1
-3.841972251,-1.560802872,4.491587788,4.123342785,-1
-0.630132145,2.062679704,2.828082886,1.031232151,-1
0.210785193,-3.536374228,-0.7498416,-1.745101302,-1
-0.065482673,-0.367659016,-1.535657507,4.544963645,-1
-1.953579353,2.965681902,0.423665762,-3.158791297,1
-2.346991685,4.236406346,-1.092369505,4.940920338,-1
4.789968798,4.990611962,3.077542194,1.193916293,1
4.741461277,4.811159163,1.028248445,-0.137439165,1
-3.546985383,1.59234699,-0.74421995,-3.659347401,-1
-3.814452991,1.663483106,0.540314336,-2.648901426,-1
-2.879022848,-2.94120948,1.009470615,1.459024788,-1
0.66174903,-0.522718649,-0.341441688,-3.298271637,1
4.293056515,-2.673025285,3.157242101,-3.976132719,1
-1.293057014,1.366320402,2.699976067,2.732436179,-1
2.656539076,-2.971813907,4.352374974,-4.910788683,1
4.647457713,-3.789678765,1.168850671,3.097379959,-1
-2.705771689,-2.374792578,1.261992802,0.318978473,-1
-4.149906971,-4.540614919,-3.120151444,4.987172551,-1
-4.185793975,-2.631359791,4.817177249,0.106248153,-1
4.942955583,-4.626974613,-3.520956784,-2.880795818,1
-3.543707674,-1.669063356,0.316568489,-0.796196478,-1
4.972013849,1.024321992,2.568149143,0.954874167,1
3.047236231,-0.989846282,3.151958811,1.333997768,-1
-0.926479838,-2.805963845,-1.678642041,1.201752565,-1
3.498119044,0.973227164,-3.134348245,2.558028197,-1
1.686026761,-4.80033614,2.194817612,-3.770388019,1
1.23382745,4.395658126,-4.700885768,-2.48569062,1
4.018788179,1.526710305,0.601725402,1.866365189,1
3.398479494,-0.701737973,-3.387691445,-2.546253207,1
0.656997377,-4.658632444,2.917782928,-1.826185512,-1
-2.682064792,-4.832961981,2.769061673,-4.506585464,-1
-0.500616299,-1.541636998,-2.975508508,4.49897536,-1
-0.346354951,-0.230657495,-4.545659977,-1.390708671,-1
-0.135482161,-3.50704059,-3.172484119,4.527996467,-1
2.253274954,0.877463946,3.710522883,-4.829729047,1
-4.783584394,2.355449051,-3.460198819,-3.760533303,-1
-0.102360684,-1.405713941,0.379719866,-4.648531051,1
2.256089652,0.495370011,0.790984838,1.854741801,-1
-1.023418689,4.061321801,0.148172422,2.572487435,-1
